rover_timestamp,sat_timestamp,x_offset_ratio,y_offset_ratio
1693290344203093760,4,0.5407355782861558,-0.5241051217814194
1693290344536853760,4,-0.11962998321653773,0.2751493329895027
1693290344955743232,4,-0.5782865050769241,0.4687222218786631
1693290345050460160,4,-0.3098485610734556,0.2845221946298404
1693290345177129984,4,0.5109678628970833,-0.7680112711709262
1693290345285504256,4,-0.6647992064950627,-0.20251039451015096
1693290345393776640,4,-0.39726574009260185,0.49230109078067197
1693290345502207488,4,0.5048557061323411,0.06504166474433704
1693290345618836992,4,-0.2403984116984912,0.41121560916409616
1693290345727105792,4,-0.050820838471872465,-0.7097003380888385
1693290345835602432,4,0.7405554716994514,-0.9762739198089807
1693290345946611712,4,0.8544450521068132,-0.10235875275725004
1693290346054897152,4,0.3569868105007501,0.9235254456140609
1693290346163204608,4,0.3657526218275837,-0.91796476993912
1693290346279873536,4,0.8354242821230493,0.2748483025107993
1693290346388285184,4,0.9123673117792499,-0.1364282427655823
1693290346496546048,4,0.8360840328345585,0.7167113463966637
1693290346604920320,4,-0.33006518676391083,-0.4658243685615606
1693290346721567488,4,-0.8034464231827272,0.3086865631368283
1693290346829883904,4,-0.21769247262018054,0.5463020306123958
1693290346938372608,4,0.4981818235188269,0.46862691151931646
1693290347046587904,4,0.17744858220960613,-0.610148630738969
1693290347163220992,4,-0.32518679383817095,0.3805566578092403
1693290347271582976,4,-0.6401666952182379,0.0952251108076867
1693290347380100352,4,0.34560371947998036,0.6633789996497623
1693290347488237056,4,-0.9760771779529935,-0.8046024810483416
1693290347604920064,4,-0.7921854304447837,-0.10811559332137688
1693290347713235712,4,-0.561167348545035,-0.43340596181309077
1693290347821791744,4,-0.6138409371071791,-0.9525990542859253
1693290347929926400,4,-0.8161174348461344,0.8770109354576257
1693290348046596096,4,0.3132110371286714,0.670918274176489
1693290348154961920,4,0.9009779184965039,0.27616577031895706
1693290348271627264,4,0.41615021165900434,-0.7600457804443483
1693290348379940608,4,0.7128816486103204,-0.740185493589067
1693290348488302336,4,0.31278925782230127,0.7997944302544866
1693290348596601856,4,0.13213760857582169,0.9343310175056547
1693290348713274624,4,0.7920032607144873,0.39130726731215404
1693290348821634560,4,-0.4933285222266821,-0.0660888454246844
1693290348930135296,4,0.8723641198234882,0.2775610156870447
1693290349038439936,4,0.845390781689396,-0.44723287568451275
1693290349155128576,4,-0.14603320222763005,0.8067829857405899
1693290349263717376,4,0.5397610183077992,-0.35319174442683776
1693290349371817984,4,-0.6760679367075668,-0.8520058799194177
1693290349488462592,4,0.5542119005678203,-0.2344019951136347
1693290349596762624,4,-0.3346905261880373,-0.8798827043438167
1693290349705126144,4,0.9112113984346517,-0.47067029509053415
1693290349813444864,4,-0.11885033444466475,-0.01655642718938033
1693290349930103808,4,0.8571725964645909,0.22060376990786845
1693290350038456320,4,-0.6431156598704582,-0.015885411077283917
1693290350146799872,4,-0.712254799296973,0.5374146466143961
1693290350255140864,4,-0.563227003604676,0.2866763339377896
1693290350371790592,4,0.8252184456822529,0.43080063550168646
1693290350480132096,4,-0.7934257680943475,-0.8541609932420802
1693290350588519424,4,0.14268911968983922,-0.4988072994763082
1693290350697027584,4,-0.10823589535408051,0.7930247857824173
1693290350805188864,4,-0.7022914491166872,0.2806705385575836
1693290350921868544,4,0.8657874470626656,0.32921167299872356
1693290351030181632,4,-0.46712703776944475,0.40011039867745124
1693290351138622208,4,0.8092350869078988,0.14928050344740962
1693290351246838272,4,0.030766005927408413,0.8798221464602742
1693290351363524608,4,-0.01864109220893062,-0.12788466507326457
1693290351471869184,4,0.6880983073676736,0.5618740739267416
1693290351580166656,4,0.5707634101822925,0.08025743403802577
1693290351688528128,4,-0.9933852794107219,0.908310691852291
1693290351805223424,4,0.6359533187721651,-0.03586731670493415
1693290351913526784,4,0.13448777102387055,0.8700843750179019
1693290352021853184,4,-0.28216334680557686,0.3636714712206732
1693290352130328576,4,-0.19877040303953497,0.2645450531991689
1693290352238529024,4,0.9176477737288833,-0.8186660503543115
1693290352355243008,4,0.06925259312006937,0.9218510440001306
1693290352463527424,4,-0.839086430651224,-0.08072129248897619
1693290352571902208,4,0.5330161793523827,0.2955851436126302
1693290352680432384,4,-0.6467633909810264,-0.9213376348091222
1693290352796883712,4,-0.2316726496706294,-0.6179936781693944
1693290352905226496,4,0.3917645572141515,0.7929213957006933
1693290353013559808,4,0.2612341148978856,-0.28147775699938027
1693290353130213632,4,-0.830275030654458,0.2655825382170638
1693290353238770176,4,0.4706483660558536,-0.7201140964672226
1693290353346893824,4,-0.6138145621811659,0.43947806948994916
1693290353463577600,4,0.1858908569587041,-0.021534899044520772
1693290353571931904,4,-0.8740147383102899,0.08110409443687838
1693290353680243712,4,-0.38453824073546916,0.0678800935291326
1693290353796915968,4,0.6685005845394445,-0.10138544490077894
1693290353905265664,4,0.9916672560038906,-0.9259146401392653
1693290354013580032,4,-0.8878910938245268,0.5755570638330576
1693290354121911808,4,-0.9143709330930136,-0.763625782554177
1693290354230298880,4,0.6142074116148044,0.3346328366267626
1693290354346912768,4,-0.08325927048787807,0.3561556468933824
1693290354455262720,4,0.7485107859456746,-0.7020927408180908
1693290354563572992,4,0.15869142462291785,0.8496316235070447
1693290354671955456,4,-0.9262446651539249,-0.7168190555439189
1693290354780450304,4,0.30766305355821544,-0.05756072838337922
1693290354888623872,4,0.8360381516571653,-0.9083966129618504
1693290354997105664,4,0.4025936223385693,-0.7389245329146803
1693290355113603584,4,-0.655501982083001,-0.900084005226756
1693290355222296064,4,-0.38532533018679604,0.5873942091657554
1693290355330279936,4,-0.08763081414660978,-0.6586212242342211
1693290355438708224,4,0.18208497857984307,0.6356003555278538
1693290355555290880,4,-0.7873375994834353,-0.005713006928899977
1693290355663633664,4,0.5983504446689565,-0.5588549515141532
1693290355780495360,4,0.6089070618546177,-0.147577072123541
1693290355888661760,4,0.6230420594795933,0.9643855055857955
1693290355997270784,4,0.3567956745923848,-0.35153011797662925
1693290356105399296,4,0.9517065388573465,0.15193402090497
1693290356213684992,4,-0.7253411960364897,0.6728541845782456
1693290356322011136,4,0.5862033398931001,0.5284557647345445
1693290356438669056,4,0.18617050608169494,-0.3289925446626263
1693290356546985216,4,-0.758509020896355,-0.7175263947613526
1693290356655428608,4,-0.1696913515321785,0.39259157135974365
1693290356763647488,4,0.10681545980283791,-0.12267757589154549
1693290356880536576,4,0.8513510611949235,-0.9186022112761307
1693290356988691712,4,-0.8000642986438828,0.6947334204941185
1693290357097003008,4,0.22488301062779192,0.5553232752942094
1693290357205360640,4,-0.9687393474634449,-0.026065050352773067
1693290357322022144,4,-0.9873008428927661,-0.6411742877045727
1693290357430395904,4,-0.8217175199577027,0.30351158371166154
1693290357546822400,4,0.773830283935838,-0.16755551556492576
1693290357654881536,4,0.6148236064946757,0.5451254170538853
1693290357763244800,4,0.3847166616751614,-0.5876795628206752
1693290357871587840,4,0.2796514074645897,0.04617372826366317
1693290357988214272,4,-0.17593735099950814,0.876179220893218
1693290358096664832,4,0.2210759772609705,-0.9247575760443216
1693290358204957184,4,-0.6399990660369583,-0.00022473019287283513
1693290358321623040,4,0.9005961282256423,0.2543833080900251
1693290358429957120,4,0.5651660606443847,-0.3042928663077076
1693290358538253568,4,-0.9908599174363852,-0.5287219853415659
1693290358654925568,4,-0.7649843545764161,0.06039804185616182
1693290358763262976,4,-0.8086322900813678,-0.2761973908136628
1693290358879927040,4,0.5222564784702974,0.07944565277607363
1693290358988262912,4,-0.5614477326837779,0.5406625662217175
1693290359096663040,4,0.318654316784571,-0.44714683215217277
1693290359213258752,4,-0.612562013973607,0.5932259432854863
1693290359321570304,4,0.37048750883015513,0.9371476756257469
1693290359429935360,4,-0.051174320317583843,-0.6473523652589384
1693290359538422272,4,0.3402852702539121,-0.9137687973077953
1693290359646617600,4,0.28972167319347064,-0.429870959973488
1693290359755013632,4,-0.1306567154618834,-0.3314107415554026
1693290359871641088,4,0.6103073491167961,0.5168160416654888
1693290359979995904,4,-0.9133650346931652,0.48083376962626834
1693290360096623616,4,0.8497226914370155,-0.6482247835688948
1693290360204965632,4,0.5709840361634675,-0.02987720795119242
1693290360313313024,4,-0.767869829075642,0.7901583498015974
1693290360429956096,4,0.44280616111786486,0.18541332453134318
1693290360538305536,4,-0.34805537135800324,-0.6024972089069076
1693290360646649600,4,0.3537050917502158,-0.34863008215929225
1693290360755024384,4,0.5579505579193362,-0.3477355505856565
1693290360871628800,4,-0.8038717323971041,0.47549573201828377
1693290360980432640,4,0.7397726058953378,-0.24893522424451797
1693290361088348928,4,-0.5586744833956703,-0.05801948033135762
1693290361205040896,4,-0.031184568191478412,0.7809776877740779
1693290361313335296,4,-0.7101174560760684,0.8557742328857414
1693290361421908224,4,-0.09001825484542914,-0.2253393922226865
1693290361530164992,4,-0.7271907708385559,0.4396424322449404
1693290361646646784,4,0.2640422338037218,0.9511117826356668
1693290361755016704,4,-0.5955782184617022,-0.7455764706120702
1693290361863365888,4,0.3844210590223347,-0.8806965607314683
1693290361980096768,4,-0.7269970013035945,0.7033027330865604
1693290362088445184,4,-0.08284215005898732,-0.6575973665663664
1693290362196727552,4,-0.31284798354128673,0.7728179439181313
1693290362313357568,4,0.20727196569425033,0.5790939300442546
1693290362421780992,4,0.27599842776000694,0.2230561808582856
1693290362530028800,4,-0.6601290318649793,0.9402716838234011
1693290362638372096,4,0.7100080434933647,-0.8270513353989104
1693290362746745856,4,0.7139475274349567,-0.02157320287527087
1693290362863403008,4,0.9913286747998387,0.18316174259020368
1693290362971817728,4,0.673978052478476,-0.44165824332082493
1693290363080099584,4,0.4600355092899555,0.4723577182382117
1693290363188453888,4,-0.5066916458631838,-0.3454081053398741
1693290363305061120,4,0.15893406007299715,0.7836452562731455
1693290363413409024,4,0.1835432640649728,-0.7020605964399171
1693290363530072576,4,0.14740156975763719,-0.989844837519946
1693290363638438912,4,0.9603680825862912,-0.9198826403726117
1693290363746723840,4,-0.05869473914092338,0.5372127816709329
1693290363855155200,4,-0.9327588911995643,0.06224345258355357
1693290363963434752,4,-0.04146132156675297,0.5960350289442167
1693290364071777536,4,0.6425826415121436,-0.09511726356618055
1693290364188423424,4,-0.518977014972396,0.11697393287835545
1693290364296773376,4,-0.9751540170139099,0.4635725677999567
1693290364405113600,4,0.8998677912057411,-0.734575996422683
1693290364513457408,4,-0.4084191435715201,0.29528039692270247
1693290364630082048,4,-0.8185409901152527,-0.040434097215002796
1693290364738448640,4,-0.3903267955511387,0.4066089758170073
1693290364846767616,4,0.715844222461891,0.4945733932206051
1693290364963457024,4,-0.9511730525430921,-0.09031840467809693
1693290365071788800,4,0.5436700156126009,0.7483980760445428
1693290365180127232,4,-0.18927925549528402,0.5797174255781143
1693290365296873728,4,-0.2591590787945546,-0.07140842521336599
1693290365405102592,4,0.2668046057427471,0.7207653019920739
1693290365513495808,4,-0.8586028160917869,0.7868688805513178
1693290365621805824,4,-0.33418772323548307,-0.9345716491849725
1693290365738528256,4,-0.14819549392330633,-0.46042123886860953
1693290365846764544,4,0.8921909870580023,0.0848702129010761
1693290365955300864,4,0.5889575065247181,0.5753836882809575
1693290366063528192,4,-0.8380819168619036,0.7616944959118168
1693290366180123904,4,0.47152157026891794,-0.8903766495773722
1693290366288457728,4,0.8906444595754759,0.34930593317732983
1693290366396972288,4,0.7759558119112637,-0.7780669125474247
1693290366505177600,4,-0.26881828210722114,0.23826690079084534
1693290366621835520,4,-0.26885771205376097,-0.6494651936266922
1693290366730258944,4,0.11758091606011467,-0.8659881716853648
1693290366838534912,4,0.4186742719050571,-0.5905748138069242
1693290366946878720,4,0.9625032445032846,-0.5227345892841544
1693290367055196672,4,-0.7728846423471214,-0.0430130699667326
1693290367171849472,4,0.8782958649438193,0.16023877071039938
1693290367280218112,4,0.9182074621743501,-0.5804120487991946
1693290367388613120,4,0.49003342927822313,-0.5491255474021464
1693290367497079296,4,-0.2945766613195384,-0.46528429532697846
1693290367613542656,4,0.36045347784353976,-0.4457093320122363
1693290367721838592,4,-0.8732616398809288,-0.30954683642967584
1693290367830201088,4,-0.02754618970379097,0.05336519821822372
1693290367946861568,4,-0.7545811314856434,0.4196505774841379
1693290368055236352,4,0.3566165838447066,0.06571093051807875
1693290368163712768,4,-0.4154712937477474,0.24190253567912934
1693290368280207360,4,0.5998077343896995,0.890730644661532
1693290368388596992,4,0.6175917532754605,0.8817517740000833
1693290368497010688,4,-0.8687448175496821,0.7838064265844074
1693290368605259520,4,-0.08425176013546065,-0.8396591932969915
1693290368721906176,4,0.7958917197408053,-0.42325462463115904
1693290368830283008,4,0.9132538598320976,-0.7812701588158875
1693290368938569984,4,-0.44811452758275605,0.3941642217033212
1693290369046899712,4,-0.007342530034511352,0.7499862790741942
1693290369163568640,4,0.04137527871288005,0.25455239448979894
1693290369272075264,4,-0.41366111611520284,0.9391492110848929
1693290369380267520,4,0.08286991613688266,-0.735945262403713
1693290369496941056,4,-0.3065995064358418,-0.11227989587621034
1693290369605381888,4,0.28936888309541775,-0.4169664056739113
1693290369713617920,4,-0.8741009828144817,0.7435874015389248
1693290369830347008,4,-0.5353438729800655,0.8948974239769649
1693290369938573824,4,0.2893440624457204,-0.17661654086851186
1693290370055283712,4,-0.31441504276155685,0.2921024529162699
1693290370163640320,4,-0.3473871724881472,0.18671451011084517
1693290370271949312,4,0.39372716143974995,0.6838157407711254
1693290370380264960,4,-0.10948739263404783,-0.39183532346410077
1693290370496981504,4,-0.7360914960759593,0.5786965237035602
1693290370605301248,4,-0.6565257491280481,-0.47998508473065593
1693290370713608704,4,-0.03151377481367734,0.9414480967543466
1693290370821935104,4,0.5394994742499843,-0.9053621270010124
1693290370930319616,4,-0.2937582092824276,-0.0881469256249987
1693290371047108352,4,-0.6672738549317387,0.8482632809995097
1693290371155264512,4,0.423624344696353,-0.42950683560549474
1693290371263728640,4,0.9464121785068413,0.6786633537428253
1693290371372004608,4,0.38571853793727073,0.33271193198050963
1693290371488663552,4,-0.6930303996614411,-0.5241893512469928
1693290371596964352,4,-0.9176970870230641,-0.36674832441620286
1693290371705362176,4,-0.747052975879779,-0.4791856055010537
1693290371821983488,4,-0.6310068338341213,0.12497448484799834
1693290371930334208,4,-0.93062182269166,-0.3661124709543204
1693290372038851072,4,-0.31230596977555436,-0.25417012798146765
1693290372146974976,4,0.07973319255509481,-0.6748047838562288
1693290372255346176,4,-0.39688046095535134,0.8408679518837512
1693290372372044800,4,-0.19087533755497765,-0.001166168324378658
1693290372480480768,4,-0.7092322267921412,-0.08391852784438014
1693290372588630016,4,-0.3595641381136587,-0.991411388365177
1693290372705338880,4,0.47698996284820994,0.9512020723135624
1693290372813690624,4,-0.3374387078397878,0.410902713172985
1693290372922345984,4,-0.052178652644493395,-0.42034563467494324
1693290373038682880,4,0.8880190514648205,0.9613795577595492
1693290373147062016,4,0.14745516578685836,-0.7058330506149506
1693290373255492864,4,0.13046302986955305,0.8137615758522168
1693290373372132096,4,-0.11578893156819903,0.3782939629601778
1693290373480381184,4,0.4632810425606553,0.8003489381086961
1693290373588713472,4,-0.7211534130870054,0.10191998059862994
1693290373697050880,4,-0.3838355984569253,-0.1967401561510267
1693290373805387776,4,0.681753832405281,-0.10805461768219549
1693290373922143744,4,-0.8150377373938789,-0.8899327276922584
1693290374030547456,4,0.2826253055803438,0.1668628830676353
1693290374138996480,4,-0.5557122859167554,0.8713301534517872
1693290374255347456,4,-0.4441456616563251,-0.9549027072848448
1693290374363783680,4,0.07682458832042482,-0.10908383612240291
1693290374472059136,4,0.3431155526283933,-0.8252461258196906
1693290374588734976,4,0.023575043595188916,-0.6110999213089741
1693290374697082624,4,-0.3644843756679912,0.21015564369493478
1693290374805415680,4,0.8868043282039106,0.8168939004356619
1693290374913783552,4,-0.27787026170554774,-0.704108123243395
1693290375022101760,4,0.7076081399267982,-0.26074006578158415
1693290375138995712,4,-0.25433769803954975,-0.4306992688041895
1693290375247098880,4,-0.2972899331437746,0.9550472564336066
1693290375355606272,4,0.7486034715329559,-0.82480273819424
1693290375472110336,4,0.4557067139119635,-0.11155927566397694
1693290375580450304,4,0.9851943316401506,0.607371009029513
1693290375688753408,4,-0.42273196333959207,0.6113455702066519
1693290375797191424,4,0.9407213464040101,-0.15233560310892003
1693290375913784320,4,0.7928576531141069,-0.7208646262360883
1693290376022115584,4,0.1743601351668791,-0.8278440513664591
1693290376130485504,4,-0.5844324185962806,-0.05077373998787382
1693290376238803200,4,0.7350516397550857,0.9732766946467271
1693290376355433216,4,-0.8677684376664014,0.9201905964416099
1693290376463788800,4,0.5122281070913732,-0.8231034426894954
1693290376572279296,4,-0.18107872249475143,0.8288209926087984
1693290376680694528,4,-0.17097197212438275,0.11162768992960381
1693290376797314816,4,0.4204940135466504,0.5104874955843703
1693290376905487616,4,-0.7261459201684959,-0.627987163777892
1693290377013949696,4,-0.23646093473638352,0.10773385302104965
1693290377130499584,4,-0.9155341711223244,0.6524966106115713
1693290377238835200,4,0.6691704032601156,-0.3921712414309311
1693290377347188992,4,0.11856211334252387,-0.07309633158862261
1693290377455539200,4,-0.9463199706193872,-0.9951066500839001
1693290377572179456,4,-0.4746459528778584,0.9120531922661543
1693290377680478208,4,0.6684861427033071,-0.05491766148541988
1693290377788847104,4,0.3076259444045044,0.7853730512811099
1693290377897266688,4,-0.1656864556763724,-0.01622699339995992
1693290378005506304,4,0.3756863719938075,-0.5104994769626472
1693290378122194176,4,-0.7612906729471929,-0.4455659316025642
1693290378230582016,4,0.9886659081373412,-0.8665503472254974
1693290378338846208,4,0.49113114717244355,0.16213154018649312
1693290378455539200,4,0.13114917928082503,0.7366918363856008
1693290378563869952,4,0.2559920949624901,-0.04791857340546346
1693290378680937984,4,0.3884901973348973,-0.7608326319873004
1693290378788847104,4,0.025051738812882585,0.15052737321771792
1693290378897233408,4,0.6905601361324962,-0.6743055346361624
1693290379005585920,4,-0.882979212013824,-0.36063777713412115
1693290379114213120,4,0.756634528834865,-0.7290052122267268
1693290379230520064,4,-0.6733822963701439,-0.4546592926805699
1693290379338853120,4,-0.16097198968757498,0.824209242390936
1693290379447257344,4,-0.2880313538206385,-0.4202876047542081
1693290379563869184,4,0.05922465978483138,0.8726340394739311
1693290379672229632,4,0.027732986119610503,0.5328848753575972
1693290379780595200,4,-0.6335050051705633,-0.8109826952403414
1693290379888937984,4,0.505257012950419,0.08742467049668501
1693290379997226240,4,0.7448862689168814,0.6536439932136964
1693290380114164480,4,0.36993430256660575,-0.3978553820929085
1693290380222241280,4,0.3708874389226362,0.3766932839531105
1693290380338915328,4,-0.8083331803318812,0.1600932829324806
1693290380447265280,4,0.6466296336608754,-0.9742046723224307
1693290380555605504,4,0.036341492554810007,-0.25397160978901634
1693290380663993856,4,-0.03020195049055663,-0.3193738174303269
1693290380780647168,4,0.8215759569857886,-0.795164283843693
1693290380888928000,4,-0.6908901705833839,-0.5577729965511926
1693290380997262848,4,-0.623166430069406,0.7941134655275226
1693290381113972224,4,0.2268567188032391,0.6628323637320876
1693290381222341888,4,0.051305649370994244,0.06419130731444245
1693290381330554368,4,0.10222565684117191,0.5126134872821015
1693290381447258880,4,-0.7720665273465774,-0.07901728278352094
1693290381555767040,4,-0.8471993488585108,0.6376894881014845
1693290381664005376,4,0.8468195053544549,-0.040963540252895614
1693290381772259584,4,-0.37685306830628673,-0.27486286850252784
1693290381888974592,4,0.6340774065544887,0.7794527707633634
1693290381997437184,4,0.19529727880837178,0.5271790917234338
1693290382105690880,4,-0.31590974074293454,0.4197897658450045
1693290382213976832,4,-0.9424809255531399,0.629148216822697
1693290382330686720,4,-0.5552843044889797,0.713630418393675
1693290382438937600,4,-0.715281327246917,-0.5468511386598898
1693290382547376896,4,-0.7493116377317757,-0.7395634952022201
1693290382663983360,4,-0.8427900757669649,0.3816362733099412
1693290382772325888,4,0.5680594460922805,-0.844529404956007
1693290382880623360,4,0.5493846160807443,0.5146680687553804
1693290382989246720,4,-0.9149661183900983,-0.7843652362705364
1693290383105771264,4,0.5861103633014684,0.026958385008218455
1693290383214082816,4,-0.8814695258575329,-0.7621555640022561
1693290383322296320,4,-0.4939750575530306,-0.8675052776687473
1693290383430727424,4,0.33517284706640815,0.5091005429104505
1693290383547454464,4,0.5647416282265416,0.8401961416273112
1693290383655840512,4,-0.5891976268946673,0.8023497343066994
1693290383772388352,4,-0.6304363508433009,-0.2969326670578254
1693290383880729088,4,-0.8184413739210818,0.6917230449050367
1693290383989094912,4,0.883689959010119,0.8975832101665637
1693290384097442560,4,-0.30432691645319365,-0.6788853279480624
1693290384214019072,4,0.0012688306093533441,0.45710817892784505
1693290384322371328,4,-0.5163549556596694,0.14047071439530012
1693290384430713600,4,-0.8017886307897195,0.156267356324852
1693290384547340800,4,-0.9720313768261859,-0.5660038483766969
1693290384655752192,4,-0.6169049596151144,-0.4362864170704268
1693290384764013056,4,0.8033205830159464,0.07425297803176822
1693290384872413952,4,0.9471598077617489,-0.8026285629833922
1693290384980704256,4,-0.5719692271876757,0.008390543629181346
1693290385089392640,4,0.41551218144171687,-0.26707394870917645
1693290385197394944,4,0.17876114227065099,-0.12066834161392315
1693290385314056960,4,0.915495471765466,-0.6383029247113743
1693290385422544128,4,-0.29035531012265214,-0.24076988661152354
1693290385530824960,4,-0.5714519990347178,-0.544891574865908
1693290385647394048,4,-0.7743090426711823,0.9692255007368367
1693290385755731200,4,-0.7527691950514661,-0.7793676775734488
1693290385864202240,4,-0.7281752601889371,0.5245473587699301
1693290385972532480,4,0.40946183038162065,0.11426424566114801
1693290386089064704,4,-0.918782873716236,-0.3437691853387237
1693290386197421312,4,-0.768554786074443,-0.4327771148540711
1693290386305816832,4,0.2007790168549779,-0.37598617841233994
1693290386414211840,4,0.9523580944700565,-0.11208825966904423
1693290386530916864,4,0.10783178221109835,-0.41882134996410736
1693290386639057920,4,0.7107313339108476,-0.6224300286654569
1693290386747584512,4,-0.8607816860861386,0.6821165502434432
1693290386864113152,4,-0.048646406246990015,0.35826221655966917
1693290386972430592,4,-0.6414054332258428,0.9974466513717011
1693290387080850176,4,-0.01670325291014496,-0.7896562308613992
1693290387189185536,4,-0.12388329919185681,0.31709652657089626
1693290387305874688,4,-0.8299881798145496,-0.7132648766813956
1693290387414191360,4,-0.1987514243269397,0.1811144646640248
1693290387522508544,4,-0.7965556868697383,0.8505806310836617
1693290387630823680,4,0.9557066584933283,-0.8705791776819529
1693290387747503104,4,0.950414988384938,-0.3227367073258238
1693290387855799808,4,0.18992165988727638,0.9813226372642669
1693290387964363008,4,-0.7544756646026727,0.6762182626829176
1693290388072512256,4,0.4504010006652788,-0.4429633354422897
1693290388189174784,4,0.42698761472064484,0.16383724799230648
1693290388297646848,4,-0.45405441885735187,0.5789854645875725
1693290388405855744,4,0.2876623562458911,-0.19952894216630912
1693290388522503424,4,-0.04834743340794745,0.2063308648785771
1693290388630886656,4,-0.1911128016185284,-0.030934281477115855
1693290388739219968,4,-0.4422187336180494,0.5359991111551932
1693290388856051456,4,-0.7839266639621547,-0.4986202792921457
1693290388964160256,4,-0.00545243574944454,0.25674205932621663
1693290389072506112,4,-0.7307832385640813,-0.8007932195395477
1693290389181058816,4,-0.894295158530586,-0.8635426536480353
1693290389297497600,4,0.3562148813418877,0.9441451009973241
1693290389405939200,4,-0.23473403446996333,0.3584087241732461
1693290389514215168,4,-0.6945266976542384,0.2439335230474564
1693290389622561280,4,-0.8073327428076946,-0.8469654819208294
1693290389739162368,4,0.5032194930307403,0.5351442171959206
1693290389847587584,4,0.5854628304544363,-0.5961364910965723
1693290389955894016,4,0.3241864666029668,-0.019499279487211307
1693290390064324352,4,-0.4766694524520918,-0.312768700577593
1693290390172552704,4,0.7193446239907888,0.09324006762609449
1693290390280907264,4,0.9051609898204342,-0.9368029536200828
1693290390397516288,4,-0.13918718874267255,0.8298783171047881
1693290390505873152,4,-0.23274024650282388,-0.3708816043604273
1693290390614245888,4,-0.24732687409883525,-0.08068752235202314
1693290390730942464,4,-0.9342804077734177,0.1133331009657832
1693290390839283712,4,0.7207214054373274,-0.3939108567729559
1693290390947544320,4,0.41211840754962314,-0.01704078270970122
1693290391055924992,4,-0.7310235155752351,0.43144637926042795
1693290391164428800,4,-0.025090146601034258,-0.781236014234197
1693290391272605184,4,0.3500491602801339,0.3201571785477384
1693290391389214976,4,0.37074833421993825,0.14442046686736298
1693290391497641472,4,-0.048177889551886954,0.7087029390977464
1693290391614329344,4,0.01337009751405005,-0.21723036075545887
1693290391722614784,4,-0.0106177390956117,0.9417415168553247
1693290391830881280,4,0.2338793527556624,-0.2944724594582504
1693290391939302656,4,0.9555658889478078,-0.3590344330456261
1693290392055994112,4,-0.9437060268154231,-0.9097630958527616
1693290392164276992,4,0.6738683039905145,-0.30224642441342153
1693290392272840704,4,0.484114268183216,-0.9462003146828113
1693290392389337088,4,0.7826857809000163,-0.31748695104459856
1693290392497839616,4,-0.8052999015428397,-0.3097139449127686
1693290392605920512,4,-0.28526783865795147,-0.2974614790611083
1693290392722639872,4,0.32248001164538986,-0.5047721380796719
1693290392830973696,4,0.2961656497731733,0.18506333358499005
1693290392939265024,4,0.8207780374287257,-0.8689995278576024
1693290393047594496,4,-0.39017508753431906,-0.32481148586006103
1693290393164308480,4,-0.9605760196087241,-0.34776632432076915
1693290393272641280,4,-0.07818122718084197,0.7267370435964022
1693290393380955392,4,0.13609880976021005,0.8028196904237959
1693290393497627648,4,-0.4667622294962068,0.39191695257574155
1693290393605975040,4,0.1759784671997493,0.971529563017403
1693290393714583808,4,-0.24452481314013097,-0.21939841922489767
1693290393822858496,4,0.14507728960701316,0.6166531367355379
1693290393931074816,4,-0.799886633591891,0.3502225906537222
1693290394039296512,4,-0.3280650750289651,0.00553704517270881
1693290394155938304,4,0.5298078010587028,-0.32092115034718494
1693290394264326144,4,0.2296557471084728,-0.27333138928670064
1693290394372649216,4,-0.12801773545505668,-0.006096577116188495
1693290394489368576,4,0.6946681883053072,0.5742992173928196
1693290394597682688,4,0.6807609774222119,0.07166804692268514
1693290394706045696,4,-0.4252888818807141,-0.9049372777742108
1693290394814387200,4,0.992455386720906,-0.19594529562289997
1693290394930979840,4,-0.5482280459318716,0.485776051252202
1693290395039288576,4,-0.8160843295200642,0.6883737680046744
1693290395147944448,4,-0.8105327696820401,-0.32632387767188353
1693290395256039680,4,-0.8654604469771938,0.602371342943067
1693290395372730624,4,-0.04946326573035287,-0.5805216826898385
1693290395480959488,4,0.5913034986952184,0.303073627110406
1693290395589384960,4,-0.3963059707784724,0.608253423868254
1693290395706157824,4,-0.13417903090332906,0.07989515831102367
1693290395814460672,4,-0.5998460290683174,-0.19539808852576046
1693290395922789888,4,0.24992775194897088,-0.09354278934657212
1693290396031062016,4,0.5268844298655164,-0.638798298226348
1693290396147769856,4,-0.9627933557652841,0.4066632913980499
1693290396256082176,4,0.725419613518401,0.15368659048085842
1693290396364439040,4,-0.5740943899630575,0.9242341492162345
1693290396472798720,4,0.48441602197442934,-0.06540937322473606
1693290396581134592,4,0.8743258511711114,0.06543867005308668
1693290396689436672,4,0.22884459574184768,0.5382383302872751
1693290396797758976,4,-0.1325510302985322,0.1322328854592898
1693290396906070016,4,0.25351694315495577,0.04453917146694697
1693290397022774784,4,-0.2714506616817909,-0.7045126223508427
1693290397131084032,4,-0.6990546919936909,0.3706132734645915
1693290397239613696,4,-0.39944865041789424,-0.129222431626018
1693290397347760896,4,-0.3626936396928737,0.660428761111763
1693290397464388096,4,-0.8711449409436065,-0.592883917004362
1693290397572738304,4,-0.1751232405463643,0.6474214089966503
1693290397681137664,4,0.2920853072491929,-0.48710673023976536
1693290397789435904,4,0.2024645393510136,-0.18826812150354066
1693290397906107648,4,-0.772882846743431,-0.6161679770394539
1693290398014483200,4,-0.5088267803632505,0.6544576482555353
1693290398122771200,4,-0.07168059817876893,0.1196500210656688
1693290398239358208,4,-0.12773417797656172,0.2938441024073306
1693290398347756544,4,-0.9259925305546746,-0.6812830228699451
1693290398456276480,4,-0.7271387423702798,-0.48320630506173035
1693290398572713984,4,0.6070763659145233,0.3173414252803639
1693290398681163776,4,-0.6480295562104312,0.7050420350168998
1693290398789460736,4,0.9275737810503542,-0.028316068914029824
1693290398906222592,6,-0.960182516942512,0.7191680058316212
1693290399014539008,6,-0.8321409178688413,0.20319948044388236
1693290399123417600,6,0.734343559497322,0.801149769948251
1693290399232094464,6,-0.18598629688064405,-0.2731315095473519
1693290399348539904,6,0.31486120649754024,-0.8193874150977278
1693290399456793344,6,0.8863242840738663,0.44846890632436076
1693290399565219584,6,-0.7188796961897441,-0.776135272220174
1693290399673501696,6,0.4689608141816932,0.8658708947992713
1693290399781882112,6,0.04391511774386658,0.6579631653490623
1693290399898700544,6,0.8993490006791927,0.8631112504789253
1693290400006780416,6,-0.4963838831119076,0.7691297246552822
1693290400115315200,6,-0.5238462895181579,-0.7554463330925871
1693290400223694848,6,0.6133744912357677,-0.3414281780669963
1693290400340106496,6,0.16865244116241263,-0.22009866228935726
1693290400448758784,6,0.49674845850406535,-0.5281238416507827
1693290400556781824,6,-0.15426200303422832,-0.7114441825924216
1693290400665531136,6,-0.6496914891286398,0.9398469518802661
1693290400781890048,6,-0.12104917454159936,-0.4913881590530287
1693290400890129920,6,0.17896188878901897,-0.019282839693576692
1693290400998581504,6,-0.25059003085467646,0.8974217789316377
1693290401106899200,6,-0.36702010712407485,-0.15243736691990328
1693290401215244032,6,0.3654768950692815,0.9266306799312496
1693290401324014592,6,0.7588670817654317,0.8739445827143122
1693290401440176896,6,-0.27400397546258914,0.4313424582442533
1693290401548581120,6,0.6427307323838978,-0.9578515791088704
1693290401656865280,6,0.9336103186790559,0.21162946574105956
1693290401765351168,6,0.6829459330357568,0.3244468688807087
1693290401873555456,6,0.881696552852874,0.38136491056468014
1693290401982046976,6,0.5776054214179305,-0.5206483415814804
1693290402090236416,6,0.10545580662325338,-0.38146299661771876
1693290402206909952,6,0.9169672235938429,-0.2742898031598764
1693290402315345664,6,0.624500597793584,-0.7558924625082213
1693290402423684352,6,0.7339058702644987,0.7152942782998502
1693290402532170240,6,-0.22305797028741092,0.8195781999937886
1693290402640248320,6,-0.21404886353749952,0.955985708801846
1693290402756995584,6,-0.4889326199756838,-0.819499344582522
1693290402865367040,6,0.6454154514769901,-0.5290790900972053
1693290402973871104,6,-0.5792270174709451,0.7804934555325989
1693290403090230528,6,0.8317816024846709,0.26270540531254327
1693290403198862592,6,0.7589344950355255,0.5334818012182339
1693290403306927616,6,-0.18742236808959545,-0.9322366375619693
1693290403415405312,6,0.7328891766085408,0.646395560792933
1693290403523661568,6,0.8809908403708318,-0.05781743322399313
1693290403640401920,6,-0.17407736291740528,0.6823269327390522
1693290403749172224,6,0.43477203581282486,0.7535224544785348
1693290403856922624,6,0.6404826209008032,0.6488017314723631
1693290403973614592,6,0.3969643750931333,0.012669027840602753
1693290404082157824,6,-0.29628730683221627,0.20423188402103754
1693290404190280960,6,0.6268560968000847,0.47557104120803384
1693290404298644736,6,-0.09347649372801037,-0.9452982133332575
1693290404407309056,6,-0.8958023541961195,0.28318502282708313
1693290404523637504,6,0.2603126830369973,0.5820386356279075
1693290404632140800,6,-0.727815553500119,-0.19867630004770587
1693290404740378624,6,0.25659254648607277,-0.37255639469907664
1693290404848876800,6,-0.8355358971531959,-0.6843551211118168
1693290404965643520,6,0.03273178210204741,0.9393291736782692
1693290405073840128,6,0.6612427629408324,0.5263254065825484
1693290405182258176,6,0.6939208596053141,0.3715067566978365
1693290405295133440,6,0.5852845898183914,-0.36120174152419127
1693290405403418880,6,-0.043269040085288424,0.47034421762093603
1693290405511810816,6,-0.4786402408260253,0.37493374337286367
1693290405628491264,6,0.6535372186836663,0.5990573358803588
1693290405736807168,6,-0.6026725607454935,-0.17100715089441
1693290405845331712,6,-0.6362214923874412,0.7527800258594755
1693290405953481984,6,0.8895143096846199,0.7686828608869098
1693290406070221056,6,-0.5510257330427375,0.8962184343184543
1693290406178427392,6,0.8462247037668522,0.2942133786082737
1693290406286990080,6,0.25325471503596364,0.813689561023959
1693290406403497984,6,0.948255143499745,-0.6034675946565993
1693290406511909120,6,0.4025223084066938,-0.6624880872699177
1693290406620120320,6,-0.19793017777794542,-0.14219326376329766
1693290406736815872,6,-0.47968444005770694,-0.8218774652774206
1693290406845169664,6,-0.2641596917789746,0.8944870169049932
1693290406953599744,6,-0.7652989623827502,0.43716684767362013
1693290407061827584,6,-0.1296825293696029,0.839978097800685
1693290407178499840,6,-0.09258426983270884,0.3472200854740892
1693290407287139840,6,-0.7629753019737611,0.4271274239293539
1693290407395260928,6,-0.6189116694621397,0.7238734485717477
1693290407511976192,6,0.5642438868612474,-0.4240760542982367
1693290407620186112,6,-0.011663684516049821,-0.7396013374431643
1693290407728552704,6,0.7126754553110293,0.2001655729944496
1693290407837041920,6,0.9904148999465836,-0.43406550993460336
1693290407953553920,6,0.3543773023689265,-0.16333801775619583
1693290408061881600,6,-0.1829517961671423,-0.7081142957691384
1693290408170443520,6,-0.419614076970098,-0.47640107221177797
1693290408287045120,6,0.2353604801144702,0.8146564699458771
1693290408395214592,6,-0.26072452093805265,0.36853417228513297
1693290408503562240,6,-0.08367177716286966,-0.9793595154750108
1693290408620193536,6,-0.7335901279532393,-0.3535080406904345
1693290408728673024,6,0.38604711588553653,0.37370489853944866
1693290408837125888,6,0.4266718981190838,0.41690633331672755
1693290408953609216,6,0.47220821078413633,-0.4875488121352254
1693290409061874432,6,-0.8094411558359866,-0.8824953727109341
1693290409170288384,6,-0.33427491886817506,-0.5303171206871806
1693290409278587904,6,0.8164530747279775,0.9934788734670648
1693290409386936064,6,0.8786438803492715,0.9344196886159255
1693290409495277312,6,0.19646413191506196,0.49648368075270866
1693290409611888128,6,-0.9089762567674968,-0.4926862343468965
1693290409720305664,6,0.23931575389113524,-0.3949852887164971
1693290409828621312,6,-0.21060637129452808,-0.2581975738370681
1693290409945236224,6,0.9361156209144881,0.11912077726609982
1693290410053566208,6,0.16097381978291603,-0.47941669568618406
1693290410162268928,6,0.007493443680402834,0.8606538823124279
1693290410270245376,6,0.7557935039413699,-0.736160932635546
1693290410386964480,6,-0.36536522641397173,0.06084760178520754
1693290410495505920,6,-0.7164085319577753,-0.7663158876706719
1693290410603646208,6,-0.9116756770235808,-0.7442570105312674
1693290410720218368,6,0.7433591183032315,0.6696080756336547
1693290410828596992,6,0.4956467354385883,0.8524740849448147
1693290410937181696,6,-0.43414898361574616,0.7538727710130271
1693290411045300736,6,0.22586314126236995,0.523127837877227
1693290411153761024,6,-0.4724841189835567,-0.373979368272791
1693290411270325504,6,0.7853436196593018,-0.3689141610731299
1693290411378645504,6,0.9891301317702945,0.5273508273072645
1693290411487001600,6,-0.6974705076862171,0.7060673225351095
1693290411603783936,6,0.31483895535248796,0.5964403665064215
1693290411712023552,6,-0.8935556234580286,-0.7027583859180337
1693290411820537344,6,-0.5402789088615578,-0.9282755036615205
1693290411937004288,6,-0.4795520728296794,0.4119257251491075
1693290412037037824,6,-0.12714026695454073,0.9904034867163778
1693290412153708800,6,0.8544126822786149,-0.918416582919364
1693290412262136832,6,-0.28695976750823005,0.4180582845338361
1693290412370392320,6,-0.029600971076493066,-0.01402289997799877
1693290412478744832,6,0.6916767018998258,0.7337586007722274
1693290412587019520,6,-0.75269153193229,-0.8128442435900316
1693290412703873024,6,0.7363462192433543,-0.6386900717771999
1693290412812020736,6,-0.663409996778717,0.01747552786129347
1693290412920355072,6,-0.45441689248014416,0.7817890444865476
1693290413037167104,6,0.17135480362767197,0.16709478196508498
1693290413137021440,6,0.9432547093052523,0.052030813199991366
1693290413253825280,6,0.14157562226904696,-0.16716201722006208
1693290413362055424,6,-0.8463290744102385,0.5365068539695557
1693290413470505472,6,0.3538170321927252,0.7747353960373666
1693290413587044864,6,-0.9480756627875382,0.3626246896584997
1693290413695447040,6,0.36127881887541613,-0.21166039446654472
1693290413803770880,6,0.18067699565214568,0.902439700157492
1693290413912028416,6,0.6739544171622147,-0.6924490626324042
1693290414020340736,6,-0.837873526510102,0.6613984511450923
1693290414128706304,6,0.3190786463000639,-0.09188896971409433
1693290414245373696,6,0.9104030619460111,0.18840851870188557
1693290414353911296,6,-0.9883892785098118,0.9395410276032536
1693290414462087168,6,0.3123455140347011,0.9017919369504153
1693290414578707712,6,-0.35016906339796794,0.46309043466778244
1693290414687314176,6,0.4686391190719359,0.9148055582796553
1693290414795378688,6,0.13831687166273876,-0.577266277920025
1693290414903853312,6,-0.9026355027920312,0.2872880590402187
1693290415012111616,6,-0.35365830662627573,-0.888929952028394
1693290415120409088,6,-0.8585518219000665,0.9038003772838641
1693290415237054976,6,-0.23721814017666865,-0.20228300608450334
1693290415345489152,6,-0.6439783984410745,0.9300986196231467
1693290415453859072,6,0.7310310214596578,-0.8216233846468921
1693290415570389248,6,0.704691666487198,-0.674118632249491
1693290415678724608,6,0.5589850902914439,-0.4301282220010758
1693290415787163136,6,0.5051171325807637,0.3081285976489583
1693290415903753728,6,-0.7587960317947469,-0.01830980478077504
1693290416012088832,6,-0.13528316116498007,0.6127063918367
1693290416120637696,6,-0.3797973855773469,0.3699238837288856
1693290416228717056,6,-0.7374266630553565,0.33104059243368344
1693290416337353216,6,0.6641057486453179,0.025306451318729772
1693290416453827072,6,-0.020753928341829653,0.7708260772837627
1693290416562204928,6,-0.04712062674046469,0.12611415386707692
1693290416670440448,6,-0.15385883912112797,0.5129812869807533
1693290416787189504,6,0.6219887192284468,0.22773556688958152
1693290416895526400,6,-0.131788154979255,-0.14796580235738377
1693290417012210688,6,-0.9191238207617185,-0.31651030520689805
1693290417120490496,6,-0.0729502487713094,-0.5515395753441661
1693290417228770048,6,0.37247307171874455,-0.6898605982859789
1693290417337193472,6,-0.009355492483396732,0.25911916266717583
1693290417445472768,6,0.04935556775286942,-0.4185939510432011
1693290417554177024,6,-0.1252889621379507,0.8144154221049649
1693290417662195456,6,-0.04477726965556661,-0.7027869226904775
1693290417779061504,6,-0.744420503313632,0.8058072373331882
1693290417887155712,6,0.6830759085514173,0.04618411403494771
1693290417995553024,6,-0.4090367321888255,-0.9045434512049806
1693290418104076544,6,-0.8469349605247078,-0.9098101926831228
1693290418220572928,6,-0.7847356571160022,-0.15017295758397275
1693290418328769280,6,-0.8110312750241684,0.32171050787433964
1693290418437216256,6,0.1369564207319134,-0.4932393378696198
1693290418549503488,6,-0.490279591298582,-0.8364608769320434
1693290418657704704,6,0.006889134887884341,-0.7721290180010176
1693290418774277632,6,0.32315664683101986,-0.64089560827349
1693290418882779136,6,-0.6355837308926908,-0.21408532492430932
1693290418991239424,6,-0.833418869730062,0.7535106942710064
1693290419099370240,6,-0.4047049684234507,0.17441677636049202
1693290419216488704,6,-0.09000370267995805,0.3405197329811438
1693290419324429312,6,0.24762078833332746,-0.4698512205282692
1693290419432706816,6,0.9334392535405147,0.7426896364987792
1693290419541153024,6,-0.6256165323992318,-0.6298252183464093
1693290419657714432,6,0.4940586385456649,0.2081057467955003
1693290419766164992,6,0.7432315896959418,-0.7873386825055047
1693290419874715392,6,0.06875200596325426,-0.9883058608333195
1693290419991042816,6,-0.7666434792681844,-0.6565292975932215
1693290420099445760,6,-0.04576025217528623,0.3836124599738655
1693290420216137984,6,0.737561041976766,0.9316076151169363
1693290420324395776,6,0.20377488025890877,-0.02655501212477729
1693290420433156608,6,0.23699874897498585,0.947843784343374
1693290420541155072,6,-0.2785424338182467,0.34760628585728415
1693290420649581568,6,0.38058670871112166,-0.21000552468537204
1693290420766046208,6,-0.39468668270654783,-0.7498210201395461
1693290420874406144,6,-0.9722481639563727,-0.776174995065209
1693290420982914560,6,-0.9682295069689686,0.9410407273206278
1693290421099476736,6,0.7180240605296984,-0.5815410393310012
1693290421207941888,6,0.29724644340804485,0.29947965207368443
1693290421316376832,6,-0.12842305239901397,0.25211830225869036
1693290421424388096,6,0.5800230732348939,-0.6181710945651897
1693290421541090048,6,-0.3981642608386109,-0.07314888912192519
1693290421649368576,6,-0.052021824987542375,-0.9563663435509977
1693290421758029568,6,-0.6677890136478046,-0.6951555201592867
1693290421874648832,6,0.40519621141651174,0.9277337414778297
1693290421982870528,6,-0.057021602695766616,0.7195928908812443
1693290422091158784,6,0.1704525387678988,-0.5973231599505038
1693290422199508736,6,0.13886092349068457,0.6676770656069129
1693290422316177152,6,-0.8981556395612649,-0.984251438041575
1693290422424423680,6,0.26081976067467805,0.4261856292454591
1693290422532899072,6,0.9589738758755608,0.6972325220063806
1693290422641212928,6,0.4741566267410109,0.19167910115537845
1693290422749522944,6,0.10860905049780545,-0.4184509361234723
1693290422866108928,6,-0.02500697374820171,-0.027798078755204125
1693290422974505216,6,0.1820785511227574,0.22299058638931735
1693290423082966784,6,0.3573358342807462,0.6333784739320605
1693290423191225344,6,-0.024197008730385106,0.4285806575522524
1693290423299851776,6,0.056617617890531546,-0.15599090492124335
1693290423416231424,6,-0.36829969952619557,-0.8729788621090522
1693290423524457984,6,0.785754392270748,-0.16572508381097628
1693290423641280000,6,-0.053324056909371365,-0.010422399301876384
1693290423749654528,6,0.8779289520707698,-0.30647177326194375
1693290423858065920,6,0.39502888077840215,-0.9583861505786564
1693290423966392832,6,-0.42397843709276417,-0.6155974049979385
1693290424074557184,6,-0.31230522039367736,-0.5357937737161527
1693290424183083520,6,-0.5605953099182441,0.8181403083350371
1693290424299663104,6,-0.3216940027216735,0.20420026560803928
1693290424407864576,6,0.6849342691182965,0.3139162729452145
1693290424516308480,6,-0.7376828658107908,-0.413211916044429
1693290424633050880,6,0.4227703718896392,0.9196067365536253
1693290424741652480,6,0.6661614915906933,0.34621458727866683
1693290424857936640,6,0.4691692644395762,0.5919453274060016
1693290424966482432,6,0.5995101179322844,0.6890625679794811
1693290425074735616,6,0.2436847568632452,-0.43508556946072674
1693290425191243776,6,0.49850860366511185,0.33411290471091504
1693290425299616768,6,-0.7418068919585481,-0.6010315543962406
1693290425407985152,6,0.21149801451244543,-0.7981925488489501
1693290425516267520,6,-0.16803127612092061,0.9875344707626861
1693290425624684544,6,-0.392696213204877,-0.5811341172929032
1693290425732962048,6,-0.9059013277402339,-0.9637388086499759
1693290425841352192,6,0.76181221396935,-0.28591225032615886
1693290425957956096,6,-0.6827890697909178,0.6558973768273244
1693290426066287616,6,0.7889149413031176,-0.9360599844632218
1693290426174915584,6,-0.8726688275078722,-0.13875907489703176
1693290426283002880,6,0.23512584308818352,-0.758623934358635
1693290426391507968,6,-0.5518087225203918,-0.4843557179918465
1693290426508019968,6,-0.3193515720235438,-0.2895180468354539
1693290426616844288,6,-0.9066472832844423,0.7554272943291418
1693290426724645120,6,-0.46501752888682946,-0.6976432524113634
1693290426833122816,6,0.3802711646809529,0.030774885479949
1693290426949655296,6,0.3389717803022565,0.41280983463558596
1693290427058020096,6,0.8532641969065029,-0.12434658707697865
1693290427166373888,6,-0.08572872038711465,0.6831939482057741
1693290427274741760,6,-0.7781383100947774,-0.7882162812105955
1693290427391499008,6,0.2211450876244283,0.5643125155327826
1693290427499667712,6,0.8947669878880387,0.6472204560409913
1693290427608359424,6,-0.9160611255868416,-0.7891778324984566
1693290427716483072,6,0.25985223230807986,0.741738948306236
1693290427824994048,6,0.8219715410715107,-0.6859349052853991
1693290427941380352,6,-0.41575402456278576,-0.1169641798441905
1693290428049954304,6,0.011793233430251293,0.46510378823418486
1693290428158159872,6,-0.8014115221158307,0.2941859418710604
1693290428266703360,6,-0.3307849493747834,-0.7244550716432414
1693290428374742784,6,0.6971901834292757,-0.12178307816927636
1693290428483146240,6,-0.16850032256216863,0.5380663276700313
1693290428599790080,6,-0.5093678707657254,0.6182904314050575
1693290428708081664,6,-0.31735986043873,0.010045456458058766
1693290428816459776,6,-0.8295322766003665,-0.25512728519440087
1693290428924884224,6,0.5096904250235648,-0.27871318713664417
1693290429041436416,6,0.32999050982968914,-0.6967775709449313
1693290429149969152,6,0.5070143420942168,-0.1565555812833348
1693290429258062336,6,-0.5436359921396625,0.603537357282979
1693290429374857472,6,-0.1731811625060431,-0.18138136121533432
1693290429483361024,6,-0.08249387216805615,0.7047809588336242
1693290429591475456,6,0.5892146927445923,-0.2764512606897913
1693290429708079104,6,-0.9404741459700661,-0.708831388203027
1693290429816549632,6,-0.980102573072527,0.6124937313400014
1693290429924976896,6,0.8872856806156215,-0.8304435709371623
1693290430033124352,6,-0.370390856241422,0.9638898487742638
1693290430141588480,6,-0.6713506365705688,-0.877063343029227
1693290430258067456,6,0.5183847701116462,0.32035234455047323
1693290430366445568,6,0.2829315088831199,0.8050222631477901
1693290430474849280,6,-0.8843803409079765,0.26321512430976424
1693290430591544576,6,0.42673903404281677,0.32072326355894387
1693290430699869696,6,0.03955672640593555,-0.4085511502727077
1693290430816505600,6,-0.19599436393703762,0.3617413148401736
1693290430925112064,6,0.10722085645118895,-0.3913539540536548
1693290431033270272,6,0.48539500405930314,0.8184617064022623
1693290431141628416,6,-0.9841955329924292,-0.4404385104744357
1693290431258091520,6,0.055583471214786906,0.8409011832902105
1693290431366567680,6,0.4005901277652095,-0.10762189859331639
1693290431474983424,6,-0.5897328572335876,0.0888505820089529
1693290431583192576,6,0.5766831579534331,0.30407417479371746
1693290431699889152,6,0.3949419311471374,0.7753497930143933
1693290431808241664,6,0.5631261862629204,-0.1909885886996936
1693290431916518656,6,-0.6054084914777476,-0.39693717532931383
1693290432024922368,6,-0.9260596552873628,-0.3310141505301962
1693290432141522176,6,0.4501973646712383,0.48010444462114
1693290432249989632,6,-0.7479887080122576,0.9838479390858146
1693290432358452480,6,-0.4321442810634597,-0.8143608642865479
1693290432466539520,6,0.10357170272249583,0.04267173023088078
1693290432583290624,6,0.5140926485610828,-0.6799453195419649
1693290432691596288,6,-0.9442175494086842,0.5931973984827494
1693290432800089600,6,0.18500720349982647,-0.5173204417194579
1693290432916498688,6,0.5483155742875052,0.4530184927991907
1693290433024909824,6,0.973909400482097,-0.7791161875130808
1693290433133330432,6,-0.880108522749194,-0.25404226392870477
1693290433241508608,6,0.253979064635923,-0.2910533081917015
1693290433358296320,6,-0.9045342541253576,0.3019248387417648
1693290433466675712,6,-0.7505003892073501,-0.40407777469701656
1693290433574927360,6,0.4737173915686219,-0.0937056788954096
1693290433691508992,6,0.9659011250152785,0.6107751242184349
1693290433800276224,6,0.9780001577972444,0.1311944531596767
1693290433908210944,6,0.7886777957907232,0.2554887036311706
1693290434016873728,6,0.0665773130133116,0.1910978292500658
1693290434133295616,6,-0.29932572991845596,-0.4309290101092702
1693290434241568512,6,0.5695785256487016,0.4297089364046711
1693290434358353920,6,0.34486760407643735,0.4287019577274578
1693290434466701824,6,0.03933329489100457,-0.5047333373840612
1693290434574904576,6,-0.3443060738377002,0.16473809171550347
1693290434691657472,6,0.6456854459427224,-0.27746493437424924
1693290434799930624,6,-0.8040243365384154,0.42328084149497935
1693290434908470528,6,0.6568752588637612,-0.8361056731306225
1693290435016651520,6,-0.8756126549111796,0.7770185936996834
1693290435125209600,6,-0.04749385692500474,-0.10767182591449198
1693290435241590784,6,-0.26141156737770976,0.05251120631029749
1693290435349892608,6,0.17647891579521358,0.03788999883569355
1693290435458752768,6,-0.21043504965283288,-0.4726125808908974
1693290435575161856,6,-0.002345388584418018,-0.15315561001730305
1693290435683493120,6,-0.1198400901404344,0.8620712153288725
1693290435791633408,6,-0.020917866651461337,0.946544966353809
1693290435900056320,6,0.6476236606067831,-0.7113076373072582
1693290436016691200,6,-0.7457520442491115,0.42230113532711266
1693290436125002752,6,-0.7412296240325005,0.40904936959125804
1693290436241629184,6,0.7265433151891991,-0.7638836846579506
1693290436350021120,6,-0.5747149220789616,-0.053288876524457685
1693290436458405376,6,0.492992612076397,0.8881391221139832
1693290436574943744,6,-0.2613358807310857,0.9036435055548855
1693290436683353344,6,0.20320042747732692,-0.1827602817068077
1693290436791689984,6,-0.7582671438219255,0.14352950885281812
1693290436900349440,6,-0.919435716826059,-0.6933909786083965
1693290437016711680,6,-0.2570652916293654,0.982040202237066
1693290437125099520,6,-0.3934798345866608,-0.028148918927046962
1693290437233568512,6,0.582407402140936,-0.7157203885347769
1693290437341751552,6,0.17924848827357542,-0.90269790683954
1693290437458642176,6,0.7885058567697398,0.7781144124788388
1693290437566778112,6,-0.5688370885986518,0.6382501384565282
1693290437674998272,6,-0.022412687508974294,-0.7553441889951036
1693290437791720704,6,-0.30270211297922534,0.7408530718785893
1693290437900054016,6,-0.16484969137346117,0.14611818357857875
1693290438008454144,6,0.13152795214018842,0.8005745759281999
1693290438125047296,6,0.5626986977056507,-0.04954490312248505
1693290438233533440,6,0.4400669907582322,0.2114194204331874
1693290438342301184,6,0.5239024629968745,0.00952772254437595
1693290438458655744,6,-0.07812767085911676,-0.10014121730296699
1693290438558460928,6,-0.10185052232470237,0.7326911051253102
1693290438674974976,6,-0.3495674269003426,0.599623242389715
1693290438783808512,6,0.32900462483748005,-0.18074334580845952
1693290438900109824,6,-0.5343554332815943,-0.20920574159923389
1693290439008402944,6,0.08198890158265382,0.9161589841610764
1693290439116770816,6,0.7800863302215366,0.47182558890245985
1693290439225106176,6,0.291833059318809,0.7319071466567333
1693290439333366272,6,0.4144172523141516,0.1439895872788013
1693290439441933824,6,0.5923175628720989,0.4147976980931769
1693290439558419712,6,0.12208871014654155,-0.752436777294961
1693290439666713088,6,0.11870564647245452,-0.6151465333228063
1693290439775901440,6,0.23740810963264591,0.1537111663462991
1693290439883405312,6,-0.8942512280152322,0.14048876645794195
1693290440000282624,6,-0.6212082542395805,-0.048328615685719445
1693290440108558848,6,0.7937285604873905,-0.7594336471221685
1693290440225102336,6,0.8723636199811016,-0.6405131971481925
1693290440333466112,6,-0.9620528329169376,0.5735140920550374
1693290440441851136,6,-0.5094266112194874,0.41123540459450236
1693290440550258688,6,0.7753116574816814,-0.1115410613321075
1693290440658410752,6,0.6138420482507922,0.21370964229749378
1693290440766823168,6,-0.19640426950316092,-0.9100327120501841
1693290440883422208,6,0.723948671428096,-0.9534735032922543
1693290440992056320,6,-0.12596516042190786,-0.1701271530381303
1693290441100173056,6,0.7192968208775186,-0.3652351292668137
1693290441216840704,6,-0.48564441366456323,-0.7707107517155094
1693290441325257984,6,-0.8013327339026441,-0.6636880146659654
1693290441433792000,6,-0.7119314941366177,-0.4888909493639366
1693290441550116608,6,-0.8207428730394339,-0.38641156327479
1693290441658636544,6,-0.18544713141607394,-0.6616179040236216
1693290441767042816,6,0.2289508575368424,-0.34941860763046395
1693290441875143168,6,-0.9456576151654033,-0.8829964354928683
1693290441983641344,6,-0.22012057753288428,-0.3599170723190823
1693290442100239872,6,-0.17435437600298198,-0.3515644184062736
1693290442208451584,6,-0.2489736833933367,0.6554827973172292
1693290442316812288,6,-0.7580674729961439,-0.59488108397092
1693290442425745920,6,0.504267477944562,0.1720581536962258
1693290442533641216,6,-0.014041118195336155,0.5047799573007412
1693290442650300160,6,-0.22990264073972333,-0.76983725623358
1693290442758485760,6,-0.8787360441932612,-0.0703529335093338
1693290442867263744,6,-0.18584707281800794,-0.03165698008378692
1693290442975442688,6,-0.18501242051212063,-0.5325190884808437
1693290443091834112,6,0.7723117920551126,-0.4616805232454053
1693290443200265216,6,0.9269493756618006,0.3501948580370755
1693290443308575488,6,-0.5073678081783908,0.10941490011738098
1693290443416838912,6,0.5704283733006021,-0.39077431606880375
1693290443533571072,6,-0.18650815716412295,-0.8321832888382994
1693290443642015744,6,0.27159798890996534,-0.5930861863064532
1693290443750420992,6,0.9358230254406783,-0.25338955908358485
1693290443866918912,6,0.9706174309281754,0.5640473253303986
1693290443975186176,6,0.07507125962693428,-0.15249508676898338
1693290444083632896,6,0.8229854636662042,-0.09651599762153507
1693290444200218880,6,-0.997997882773821,-0.07069589255579656
1693290444304889600,6,0.6587435695637749,-0.4215010903319889
1693290444421159168,6,0.9441636080649745,-0.9989141365859655
1693290444529896704,6,0.8670136320860788,-0.03562748024906326
1693290444637728512,6,0.19573550300134634,0.6789754432439474
1693290444754597376,6,-0.23969297112164112,-0.2971641593808134
1693290444862845952,6,0.26441388149193124,0.17031833292073295
1693290444971217152,6,0.020656843204964526,-0.9090305393723206
1693290445079462912,6,0.4783658911897135,0.1261631558825853
1693290445196321280,6,-0.39872330293483893,-0.20939019771770684
1693290445304576768,6,-0.754046070121257,-0.7206994634110664
1693290445413092352,6,0.11295816300543016,-0.4410834032553541
1693290445529507328,6,-0.13607513590380305,0.2208906189325488
1693290445637870592,6,0.9148343473979317,-0.36339211636883606
1693290445746276864,6,0.36420199193669056,-0.31472948737189355
1693290445854536704,6,-0.47727893323242165,0.5053880022131516
1693290445971169792,6,-0.09456383775155053,-0.5081434300202576
1693290446079546624,6,0.9660438943153358,-0.3167403905000703
1693290446187947008,6,-0.08040131689619012,0.19902733457769806
1693290446296109312,6,-0.9682507676777508,0.38369012078234155
1693290446412772096,6,0.2928865838387278,-0.9959049730183669
1693290446521317120,6,-0.04694209986509024,0.8028899879690796
1693290446629613568,6,0.34541280826234844,-0.17367393440320122
1693290446737933824,6,0.7905363544298698,0.4065993501093492
1693290446854541312,6,0.5249304829953771,0.07626290740294417
1693290446962875392,6,0.5746104698884529,0.29819455223182545
1693290447071252224,6,-0.8449537673793834,-0.9381049589429471
1693290447188278528,6,0.6641677292593806,0.343226156311881
1693290447296634112,6,0.3444918263467489,-0.29401053529919663
1693290447404711424,6,0.6255624946411913,0.654933670182688
1693290447513415424,6,-0.2840685190744545,-0.6456267261632416
1693290447629576704,6,0.5359316887240066,0.3940602687566801
1693290447737912832,6,-0.9831372480874678,-0.07461493655323048
1693290447854512640,6,0.8724956988243886,-0.11084468648786405
1693290447962922240,6,-0.5569584705957109,-0.9604366606709214
1693290448071292416,6,-0.4377310323632606,0.8427973793327477
1693290448179559680,6,-0.28435796213877684,-0.820066961403477
1693290448287956224,6,0.22688541747982138,-0.39364293503143655
1693290448404554240,6,0.4356190595201801,-0.5314841124397649
1693290448512971008,6,-0.012382656823150873,-0.27400164251333425
1693290448621774080,6,-0.43848728399220316,0.8090151802308514
1693290448737892096,6,0.4139360130731309,-0.581827357305059
1693290448846238976,6,-0.6078264119585823,0.6422469413047447
1693290448954720512,6,-0.2078276409067732,0.7398324650130801
1693290449063092736,6,0.13820446283110432,-0.011977357112212594
1693290449179575808,6,0.10357037475362785,0.3196768423738303
1693290449287930624,6,0.13141409564279827,0.36476720277924146
1693290449396396544,6,0.13028046750320255,-0.8692787499999317
1693290449504768000,6,-0.7435072102252627,-0.8699013571823999
1693290449621268480,6,-0.4807510385876388,0.13980658137021895
1693290449729669120,6,-0.5440696495621937,0.04615991903690775
1693290449838057216,6,0.5645054172624344,-0.6162969045688633
1693290449946211840,6,0.3559574339258298,0.983902707246106
1693290450054929408,6,0.38597163077793195,0.06588303468311651
1693290450171625984,6,-0.4941578555005737,0.12023195450159796
1693290450280260864,6,-0.09214775261350039,0.875780737804092
1693290450387985664,6,0.2819325726196136,0.8861484475438304
1693290450504759296,6,-0.8962744049152762,0.8775186586826929
1693290450613216768,6,-0.13490365677563032,0.9902129531931265
1693290450721356288,6,-0.45192880747142894,0.3603469508632311
1693290450829612544,6,-0.06682654476799499,-0.2770563137940034
1693290450946413824,6,0.518043429307113,0.7676048833313625
1693290451054892288,6,-0.5509035878335737,-0.4441339385749179
1693290451163134208,6,-0.15987586181744518,-0.1022770059668725
1693290451271318528,6,-0.9896814317724276,-0.6107837209894387
1693290451388132608,6,-0.8363821971401804,0.14363923382271682
1693290451496259072,6,-0.9492561222573423,0.47488835790199024
1693290451604712192,6,0.9561912222139382,-0.15235948625541207
1693290451721585152,6,-0.8511192661971567,-0.500031676935005
1693290451829846016,6,-0.6710368494805004,-0.3783882847004516
1693290451937963520,6,0.25198937394164056,-0.8065478052515873
1693290452054756864,6,-0.04006715965347096,0.6161181483272242
1693290452163191296,6,0.18506154115827234,0.2525942166903734
1693290452271516928,6,-0.33139492809016136,-0.4991810583002334
1693290452379859200,6,-0.7843186933759374,-0.5232815748631559
1693290452496534784,6,-0.3183960641545429,-0.8911342796439858
1693290452604752384,6,-0.33282308996207965,0.5882222389689633
1693290452712999680,6,0.8870951544182126,0.5514989435667499
1693290452829774336,6,0.2391331112165671,0.5281971409271768
1693290452938236672,6,0.2506975151070383,0.15786893851796346
1693290453046477312,6,-0.8289306018572216,-0.8786261094106083
1693290453163418624,6,-0.9333126488716137,-0.3734411315607469
1693290453271385088,6,0.6953842892253945,-0.8699435624085927
1693290453380203264,6,-0.7449284186660912,0.8382315755246146
1693290453488214016,6,-0.11616319336311776,-0.3970578519889916
1693290453596705024,6,0.2523704235529749,-0.8684194817866746
1693290453704775680,6,0.3551289149491481,0.11851610321109196
1693290453813336320,6,-0.41016645953164543,-0.23708903190965858
1693290453929988608,6,-0.8083394971891944,0.5039267154203058
1693290454038184192,6,-0.5337760319622944,0.19915170650891656
1693290454146656512,6,0.3194480631352685,-0.9787869087843413
1693290454255005184,6,-0.23215995037244141,0.5903293554202576
1693290454371627008,6,0.7598763349683686,0.23846110852476832
1693290454479881984,6,-0.32076705022273333,0.875169704493524
1693290454588509696,6,0.5658582750852714,-0.09184647325854178
1693290454704819712,6,-0.34361266213933606,-0.6150373651384327
1693290454813213184,6,-0.794620692546836,0.19035021533518126
1693290454921503488,6,-0.8649110556708799,0.5788328474876203
1693290455030503936,6,-0.6127709164564314,0.14642426559301636
1693290455146577920,6,0.2747274713054002,-0.48742779559804195
1693290455254934784,6,-0.1579859930068359,0.4492460730798673
1693290455363238400,6,-0.11075137278551761,-0.5136950442541734
1693290455472137984,6,0.5940511680255947,-0.8790176342773326
1693290455588120576,6,-0.37666628383811873,-0.1283037437032799
1693290455696570624,6,0.9194827027872945,0.5087472700736468
1693290455804984832,6,-0.37762351954481144,0.7704438200763419
1693290455921469184,6,0.5509913287404877,-0.7051818747889436
1693290456029812480,6,-0.3826511710386056,-0.31419936878883936
1693290456146594304,6,-0.26234000965548976,-0.9838363153088006
1693290456255027712,6,0.17287982490177156,0.35660074866712654
1693290456363179264,6,-0.8853647077472904,0.014215734886881437
1693290456472049152,6,0.6703498595871018,0.7174044110567463
1693290456588226304,6,-0.15587771916663495,-0.6091857407016938
1693290456696831232,6,-0.5992561930335345,0.8170004368016306
1693290456805059072,6,0.5705276141822899,-0.3168961526549523
1693290456913377792,6,0.3357202779609718,0.38956315356256055
1693290457029952512,6,0.9638465116531012,0.19952460665127392
1693290457138354432,6,-0.3377091310619016,0.15682149776960763
1693290457246823424,6,0.9261297782608937,0.2322062745635447
1693290457355157760,6,-0.16260942327053773,-0.6754400267474667
1693290457463399424,6,-0.09139581209263992,0.5783827738544796
1693290457571585792,6,-0.9156157002459366,-0.5611882370717289
1693290457679922432,6,-0.9926058554833077,-0.5539498225864685
1693290457788292352,6,-0.5394519795993455,0.24784003515747943
1693290457896617472,6,-0.5219619202502639,0.4691723550610005
1693290458013307648,6,0.90517645798106,-0.3369697808135852
1693290458122220288,6,0.4801627751575679,-0.5893672794057048
1693290458230128384,6,-0.6315109755682302,0.9797560871649591
1693290458338498816,6,-0.2743657080845223,-0.8525376862602434
1693290458446656256,6,-0.9399648226098478,-0.7696214148044294
1693290458563402496,6,-0.4188475692211373,-0.6111931110719655
1693290458671670016,6,0.1713727848635429,0.5310654693828409
1693290458782223872,6,-0.912190348277848,-0.9406288534533551
1693290458890925568,6,-0.6043500112876166,-0.6517067817010727
1693290459007235584,6,0.7707644591033287,0.4376733478052097
1693290459115475968,6,-0.3203650139639649,0.10900991031474261
1693290459224020224,6,-0.6429171383978791,-0.957015943883696
1693290459332279296,6,0.6857628414301364,0.8212979003964396
1693290459448910592,6,-0.9580124790751081,0.35490475799506194
1693290459557484288,6,-0.24215448416964436,0.574828161075883
1693290459665473792,6,-0.7780619809272398,0.8722282083367909
1693290459773906688,6,-0.389855243918245,-0.5197001342528962
1693290459882141952,6,0.6189755405835844,0.32181743042707134
1693290459999211776,6,0.8823235113460828,0.9542036920640293
1693290460107281664,6,0.9953898284316625,0.7633275901335188
1693290460215592192,6,0.7567756728968342,-0.8692449611649913
1693290460332245760,6,-0.7111355083775057,0.8483109344660442
1693290460440525568,6,0.5897962330228257,-0.6166374156988457
1693290460557146624,6,-0.24360894122192422,-0.25148939612579935
1693290460665691648,6,0.19909832521587845,0.9539630805871329
1693290460782241792,6,-0.5109007221309305,-0.9076096152799968
1693290460890535936,6,0.23205601554104494,-0.6217956713671173
1693290460999446528,6,0.07093668422375221,0.5791755787814694
1693290461107412224,6,-0.3446387909774238,-0.8934820498606693
1693290461223980032,6,0.5912238401185468,0.7457029838332314
1693290461332450304,6,0.7030052767436128,0.9367686150086256
1693290461440843520,6,0.7716685755400454,-0.5815248530015567
1693290461549858816,6,-0.8371845962902127,-0.05866541279856552
1693290461665643520,6,0.32700439713726115,-0.8702539180601607
1693290461774043392,6,0.017227610768613788,0.5026160759094667
1693290461882416128,6,0.2901431285014191,0.01831703445711863
1693290461998897920,6,-0.002824447767550309,-0.07146544487776585
1693290462107951616,6,-0.3563537342475822,-0.2522425573248317
1693290462215645952,6,0.3890193474784054,0.4312997453771812
1693290462324269824,6,-0.01041594931843659,-0.46332908300777254
1693290462432859648,6,-0.19810785892448446,0.842370447376735
1693290462540603392,6,0.1679652430077978,-0.9267910241007866
1693290462657393664,6,-0.5609474346803931,-0.5939990065681926
1693290462765564928,6,0.7263365273830977,-0.20820004912326162
1693290462873874944,6,-0.38800192736055195,0.777417859093591
1693290462990643712,6,0.1427407735170323,0.8709978139762817
1693290463099141632,6,-0.2517852894286925,0.10110394782958787
1693290463215631104,6,-0.7313393689450212,-0.8319437012814281
1693290463323964416,6,-0.11098936917154911,-0.29685009672973206
1693290463432265728,6,0.16792444946084784,-0.06949377786722666
1693290463540702464,6,0.24225163961014107,-0.1477953128345133
1693290463649157888,6,-0.06489802252492827,-0.18209444928896534
1693290463765602560,8,0.60900893058692,-0.36595914851100053
1693290463874446336,8,-0.23525814675214596,-0.6408685379968808
1693290463982405120,8,-0.5324192007537951,0.2907097052915162
1693290464099064832,8,-0.281814129628601,-0.8351629779559699
1693290464207240960,8,0.6852067783737914,0.025581978956638052
1693290464315807488,8,0.2873087984049172,0.5717465918723486
1693290464424657920,8,0.8532118384203551,-0.8031817805977481
1693290464540725760,8,-0.8573026454413402,-0.9234372296031408
1693290464649332736,8,-0.5993868062830294,-0.6067073542608721
1693290464757374208,8,-0.3415174148973281,-0.3945688345251779
1693290464873957632,8,0.6311295594048925,0.36707865961563924
1693290464982356992,8,-0.4510708869897957,0.4112852752809828
1693290465090735616,8,0.9959914108792709,0.9968101956695199
1693290465198946816,8,0.5047667133239708,0.4796420118678455
1693290465307766272,8,0.8247650602629102,-0.9829322431970227
1693290465424143104,8,-0.40105169591538226,0.6446177117024712
1693290465532628992,8,0.56625650818411,-0.19237771711029117
1693290465640666112,8,-0.18848303225843144,0.15990756091186498
1693290465757393408,8,0.3106170149429248,-0.055992012409999514
1693290465865650688,8,0.025293946106353715,0.5223210744781621
1693290465974084352,8,-0.7014377137204093,-0.20498942989739044
1693290466082616064,8,-0.5461473953226823,0.49827415063791003
1693290466190696704,8,-0.051123496387553535,0.031650700971538326
1693290466307436032,8,0.5719492964836246,0.5152425984850275
1693290466415775744,8,0.4450207026958124,-0.07719772546500625
1693290466524015616,8,0.5838297767322638,-0.3738503330081453
1693290466632431104,8,-0.6243068958998774,0.5402621320177581
1693290466749413888,8,0.39588253822457586,-0.5808304929929853
1693290466857462016,8,-0.10005612890505611,0.11689363464868174
1693290466965863168,8,-0.2505996653594045,0.15501689722761824
1693290467082447360,8,-0.7433087184194933,0.8867080023557701
1693290467190856704,8,-0.9806376919180124,0.6208027699418086
1693290467298987520,8,0.6685977631011968,-0.3203555162922944
1693290467415808256,8,-0.16170536837399996,0.37152561176756294
1693290467524103680,8,-0.1932625656896596,0.557286809243539
1693290467632459008,8,0.07520801275427935,-0.3478409709490078
1693290467749037824,8,-0.9535203193489101,0.5707156215937284
1693290467857461248,8,0.8442883810272028,-0.6926175210290653
1693290467965892096,8,0.9052750914433205,-0.3394989435644318
1693290468074396672,8,0.2596786141268279,0.20600557198751246
1693290468183044352,8,0.2156745429914999,0.7338895110917967
1693290468299135232,8,0.9603442308503174,-0.5915907629029056
1693290468407653120,8,-0.2187277069135123,0.06898116151144862
1693290468524123136,8,-0.6233226437154762,-0.7827232878082788
1693290468632530432,8,0.13903002384212826,-0.09692934693391186
1693290468740851456,8,0.789487589964948,-0.8135169867959073
1693290468849322496,8,-0.7913736451434266,0.1058135506158484
1693290468965798912,8,-0.9358816917765913,0.37804909949546905
1693290469074219008,8,-0.02277335484566545,-0.6266157895475815
1693290469183358720,8,-0.8610179288484856,0.9259891120477632
1693290469299145472,8,-0.43236475876134195,-0.5339211480154764
1693290469407529728,8,0.3191397864281489,-0.860041134734993
1693290469515891200,8,-0.8850936387680135,0.03706336037884772
1693290469624232192,8,-0.6563485663120141,0.7194146947534745
1693290469740958464,8,-0.17827753139875435,-0.6859290899396671
1693290469849555712,8,-0.7785121034214249,0.07290603843947041
1693290469957570304,8,-0.04349771524753043,-0.8624740184993611
1693290470066374400,8,0.9101935312686487,0.7313989878666354
1693290470174727936,8,-0.7401354332201322,-0.588645990047497
1693290470290899712,8,-0.13559864732777926,0.41934322811354163
1693290470399249408,8,-0.05043995143799118,0.20741889737682606
1693290470507514624,8,0.8783085094439049,0.17498390679020925
1693290470624342272,8,0.004950042318881076,0.3696718582355445
1693290470732752384,8,-0.4491180449470471,-0.9851133824723197
1693290470841155072,8,-0.7146160238127175,-0.8720599141034093
1693290470957492480,8,-0.20152617089675973,0.6151316649740952
1693290471065900800,8,0.0517130096091547,0.8206050778810541
1693290471182713856,8,0.758478782936314,-0.07959087993658409
1693290471291363328,8,0.15226550458497967,0.474581421779136
1693290471399385856,8,-0.42417643001229877,0.7619881468846776
1693290471507796992,8,-0.08738675196793921,0.40063307944893034
1693290471624355328,8,0.4232958673290428,-0.4051025451557284
1693290471732744192,8,0.22605502342327832,0.6199695296562298
1693290471840923392,8,-0.6497474250934607,-0.501730364865391
1693290471949407488,8,0.7999292406102494,0.4664879058610887
1693290472065980928,8,-0.08434369586907353,0.8216661909085516
1693290472174337024,8,-0.6331113621812756,0.13723053180477263
1693290472290889984,8,-0.2128973648154029,0.8913747227737971
1693290472399432960,8,-0.5206094848283855,0.7410791837860975
1693290472507669504,8,-0.4524474459505703,0.2561664065381517
1693290472616391936,8,-0.41622081895683816,0.8325926671437003
1693290472732960256,8,0.3960879851361774,0.444818778369348
1693290472841034752,8,-0.5654902620801856,-0.013024845551280029
1693290472949652480,8,0.9847794437685726,0.10564778925822105
1693290473057725184,8,0.9906327630390535,-0.8469327277631036
1693290473166107392,8,-0.7895508780420597,0.5330781605766808
1693290473282763008,8,-0.34797372802948856,-0.09812803320826435
1693290473390947840,8,-0.4944667636249649,0.012129143545555499
1693290473499433472,8,-0.07566502650502516,-0.8536090159585086
1693290473607963904,8,0.38897142820987196,0.49947228225922524
1693290473724546304,8,-0.23768886411700096,0.4919148743054542
1693290473832806912,8,0.7115462898374136,-0.20665134433247667
1693290473940939008,8,-0.9785252772181372,-0.7706345661118688
1693290474049436160,8,0.834273951299199,-0.3457792748466795
1693290474166645504,8,0.49735205567248975,-0.030481525341317095
1693290474274309376,8,-0.8635256576158312,0.09685708071325116
1693290474383025408,8,-0.515412781930245,0.9000368481535264
1693290474499653376,8,-0.7194884796323222,0.640853379355995
1693290474607821056,8,0.6831250661815185,-0.6588218087182067
1693290474716281600,8,-0.9638677446992912,-0.7989697578961164
1693290474832794112,8,-0.4117106925822589,0.0693076661444676
1693290474941116672,8,-0.21830099570075623,-0.8448294003100374
1693290475049470976,8,0.527178093958059,0.35476628353077566
1693290475157842688,8,-0.693007045378417,-0.2838260206887093
1693290475266261248,8,-0.5666551334498484,-0.9311103091733501
1693290475382802176,8,0.35008826154915695,-0.5676670008591096
1693290475491151104,8,0.393484727259815,0.6730022823034287
1693290475599511040,8,0.6230236518811354,0.28202437851637496
1693290475707826176,8,0.4328208664065658,0.7940197602330636
1693290475816780544,8,-0.21876322194417264,-0.3833514981867867
1693290475932687872,8,-0.8951694876223006,-0.9906685345073836
1693290476041540608,8,0.5448193904369403,0.5342284769078798
1693290476149575936,8,0.8576411046043004,-0.250710593033487
1693290476257860608,8,-0.5229193538429486,-0.8172271398300166
1693290476374379520,8,-0.15663453894936796,0.9785812499308579
1693290476483095808,8,-0.32576671510150224,-0.6156963604694676
1693290476591033344,8,0.33789891098695213,-0.5588642960973793
1693290476699418624,8,0.764572115191865,0.5938483303097646
1693290476807800832,8,0.6609013328568452,-0.6642342250941471
1693290476924529920,8,-0.6659054898617789,-0.16863998007029157
1693290477032759040,8,-0.7846323428209971,-0.34571706767857724
1693290477141082624,8,0.12410823444703856,-0.6209049280781544
1693290477258080256,8,-0.5857613692532873,0.08340530686175684
1693290477366323712,8,0.8778464559894843,-0.7583920772014836
1693290477474467072,8,-0.5724400266127987,-0.2868473481630114
1693290477591036416,8,-0.652756884470663,-0.19572102049003903
1693290477699570944,8,-0.3675195572975074,-0.22162668089914428
1693290477807724288,8,-0.08244813650703153,-0.8679674318736539
1693290477916126464,8,0.6301697832116129,0.2998899910436479
1693290478032782080,8,-0.262040077985243,-0.8653374629399173
1693290478141273344,8,-0.5628782896534081,-0.39693150270663025
1693290478249718784,8,0.19773819296920325,0.9662049858342749
1693290478366135808,8,-0.7963728202502265,0.07236306058257469
1693290478474578176,7,0.9810625750157818,0.7009300674379626
1693290478582923776,7,-0.6570817790636398,0.9180694087556684
1693290478691814400,7,0.1997342903070789,0.9628317897151994
1693290478807852288,7,0.3926307318890905,0.35580104477038077
1693290478916423680,7,0.9447337056905984,0.3874414881010566
1693290479024587776,7,-0.3359069053034329,0.2707069033640068
1693290479133018368,7,0.7679340643826886,-0.3640660497841013
1693290479249626880,7,0.7031084249372868,-0.035739242024518836
1693290479357980672,7,-0.32978956375049373,0.2170666443124898
1693290479466786816,7,0.17007382882999722,-0.23525720073243783
1693290479582812416,7,0.2811839095028328,-0.5351490452376002
1693290479687745792,7,0.17493709481699948,0.9767617287232231
1693290479796051456,7,-0.5347881910024082,0.232697349174932
1693290479904206080,7,0.7935588527330184,-0.3823027426541401
1693290480021106688,7,0.475826567836074,0.5144914871982593
1693290480129844480,7,0.2395324569849615,-0.8801539668805081
1693290480237773824,7,-0.2509527430128087,-0.4067705392537746
1693290480354525440,7,-0.6966588292159448,-0.591229339807646
1693290480462646784,7,-0.9241865688850885,0.8468182791070404
