rover_timestamp,sat_timestamp,x_offset_ratio,y_offset_ratio
1693385214866701568,4,0.8022400007700872,-0.31521935284979397
1693385215200697088,4,-0.4778762913806074,0.7281103455811506
1693385215536425984,4,0.6555352788953062,0.36889738785825266
1693385215644702208,4,0.28408196579780376,-0.5563261851489396
1693385215761916928,4,0.4206634441979873,-0.42908841323281854
1693385215870069760,4,-0.5006051203810009,-0.7506106344333272
1693385215978392320,4,0.23227440361956897,0.8159610167905131
1693385216095066880,4,-0.18891999190167996,-0.007225937181289943
1693385216203400192,4,0.8284131105007602,0.2796773679774047
1693385216311749120,4,-0.2628678020359707,0.7860850660031968
1693385216420055296,4,-0.38348134423931834,-0.8702352289723159
1693385216536810752,4,-0.11437546327527026,0.3541369405147481
1693385216645114112,4,0.9960790775423067,-0.2560604023181856
1693385216753475072,4,-0.14965978498003918,-0.6550349899266639
1693385216861798400,4,-0.5078049264657316,-0.04085700449975227
1693385216978484736,4,-0.7871499488225706,0.6735404105497569
1693385217086807552,4,-0.49780089465162347,-0.131630256731331
1693385217195153664,4,-0.7788795375209512,0.10988280265627015
1693385217311807488,4,0.5383137482182618,0.5945181069314569
1693385217420148480,4,0.028366045991134792,-0.9225392161724053
1693385217528591104,4,-0.946709173826922,0.8229357709986427
1693385217636818688,4,0.5850598426546563,0.10768670186178286
1693385217745191936,4,-0.7992456190388535,-0.20272332018360517
1693385217861829376,4,0.5268884888769629,-0.8200386242719859
1693385217970176000,4,-0.6762512859135081,0.03255982760523901
1693385218078513920,4,0.08874526639474944,0.03370385017139199
1693385218186843904,4,0.6246723342949607,0.34038894424205846
1693385218303529216,4,-0.10447758276161334,-0.7037357152589057
1693385218411841792,4,-0.9390358944470796,0.4395852254060151
1693385218520201984,4,0.9484023353862612,0.40860754342082783
1693385218636848128,4,-0.07308933013029417,-0.6090284957235594
1693385218745188608,4,-0.9150987504633243,-0.09407374111314959
1693385218861886464,4,-0.5069939933138627,-0.07610767017869291
1693385218970209280,4,-0.5416219930032002,-0.8405848448160991
1693385219078569984,4,-0.9044032273740001,0.7404583437401846
1693385219186935552,4,-0.2777577345077804,0.06138826837968092
1693385219303533824,4,-0.4489044175739121,-0.39952686131753734
1693385219411866880,4,0.6020532906147409,-0.6500387472777687
1693385219528564736,4,0.4081294863902567,-0.9504197088266968
1693385219636890112,4,0.13026242606485017,-0.6365482755164271
1693385219745203712,4,0.06338338344401917,0.05624465162107528
1693385219853547520,4,-0.28933296431869526,-0.14818321610379592
1693385219961881856,4,-0.14103016859054152,-0.4924786910984793
1693385220078540288,4,-0.940631908110352,-0.7590072518399678
1693385220187073536,4,-0.9890666405295923,-0.6020704060828876
1693385220303578880,4,0.34210154121597736,0.7443361994177822
1693385220411922688,4,-0.5992687701141435,-0.19484029476963793
1693385220520219136,4,0.6451708944121903,0.8389124265125458
1693385220636973568,4,-0.12104752776072547,-0.4915577346335247
1693385220745211904,4,-0.12505024836008993,-0.21275185887800396
1693385220853582080,4,0.6463861487643949,-0.8421331740433913
1693385220962027008,4,0.17029437518230894,0.049231830843505575
1693385221078560256,4,0.6613860746953191,0.3989545085094812
1693385221186910208,4,-0.04999321670859169,-0.9358307412627209
1693385221295245824,4,0.9596456328929122,-0.19403132178181393
1693385221411902464,4,-0.14887291043747708,-0.3787974273401358
1693385221520246272,4,-0.3393365051323527,0.17862838543852222
1693385221628609280,4,0.5101920972438341,0.590206788725846
1693385221736939008,4,-0.8988448910872433,0.1770285738356958
1693385221853620992,4,0.3330730567478928,-0.7513531608294042
1693385221961931264,4,-0.4953667515911053,-0.9607042856660089
1693385222070297344,4,0.3102063873811689,0.17112920039820612
1693385222186949376,4,0.08775597465444629,0.8829532049899493
1693385222295269376,4,-0.8641105917014564,0.42980552558482854
1693385222403619584,4,0.5145744636645,0.715840633325389
1693385222520299520,4,0.2621491506164977,-0.4608874831472509
1693385222628615680,4,-0.9939462197564994,-0.5014189531250346
1693385222737077504,4,0.9949700043757097,-0.8684423518677666
1693385222853625344,4,0.5689153845924224,-0.9154061487984406
1693385222961949440,4,0.22111680520846266,0.003672063915398649
1693385223070267392,4,0.6156638799554963,-0.40474227597439216
1693385223178615808,4,0.6602619081427652,0.6434233262673887
1693385223295321344,4,0.8585220562305438,-0.20999957943967207
1693385223403652608,4,0.21221821798664187,0.9793957843307319
1693385223511950848,4,0.2777631912183869,0.2960538277792728
1693385223620296960,4,-0.6026724358909168,0.18063431142296404
1693385223736992000,4,0.3703114259284426,0.6273306073930303
1693385223845285632,4,-0.23555750246365403,0.11308402940491957
1693385223953653504,4,-0.41476796415365613,-0.17822557824737206
1693385224070302720,4,-0.23599195546728313,-0.8008464701706193
1693385224178685952,4,-0.5674328284717289,-0.4266899384178764
1693385224286992896,4,-0.9017916547503861,-0.0402162436989264
1693385224403662592,4,-0.4676517509186,-0.5334022368354134
1693385224511978752,4,-0.6516091560990349,-0.35536091868737785
1693385224628691968,4,-0.6339693336049406,0.4739359272850181
1693385224737051392,4,0.9340817409066573,0.33946300433538945
1693385224845308928,4,0.1902426822350305,0.16572787714693726
1693385224953680384,4,0.8239392655184632,0.9913411380431973
1693385225061996288,4,-0.10786404003182937,-0.9706790437251986
1693385225178670080,4,0.4229737791798407,0.8221416810767905
1693385225287012096,4,-0.6697145419802519,-0.13842599320230597
1693385225395365888,4,0.9760902964436171,0.3206445893580703
1693385225511999232,4,-0.947386097694304,-0.06546305044024003
1693385225617393920,4,0.031142494987574043,0.6396274552356669
1693385225734077696,4,0.08110067016260136,-0.6569436325774911
1693385225842615296,4,-0.8219543634244515,-0.8901550644483054
1693385225950733568,4,-0.6832830509430774,0.33071596412753834
1693385226067407104,4,-0.9451411868508961,0.6064990112251061
1693385226175753216,4,0.2555401363893073,-0.8098439000603652
1693385226284081152,4,0.8617776766707952,0.8730254701636382
1693385226392504576,4,0.8874283130949658,0.598371670897131
1693385226509075712,4,-0.5295785312447403,0.36869231912221
1693385226617439488,4,0.5018513443352204,0.14312493075363686
1693385226725939200,4,0.19094788289750753,0.7699019460834755
1693385226834109952,4,0.5600788531409642,-0.10283947138737948
1693385226950742784,4,-0.7067882135890897,-0.7760865973904612
1693385227059124992,4,0.9520226038166404,0.925038457250791
1693385227167601664,4,0.4619134640139382,0.075003631467365
1693385227284118784,4,0.25192134957980206,0.9291643841529882
1693385227392446464,4,0.8556067446095696,0.016434997775193638
1693385227500784896,4,0.6306377324513874,0.702801169017097
1693385227617431296,4,0.9410164139660917,0.8561514824480063
1693385227725769728,4,0.7883271762734014,-0.3917718449964531
1693385227842476800,4,-0.7235187119138791,0.5156653392351103
1693385227950779904,4,-0.0974173106729519,0.7603546661651335
1693385228059137024,4,-0.2878982793994802,0.0262906810260648
1693385228175796992,4,0.8542045836618217,0.1421752569504975
1693385228284150272,4,-0.11929281096876942,0.013695975747693767
1693385228400812800,4,-0.12466430764634961,-0.9769319513574279
1693385228509154048,4,-0.6548499306780924,0.6237405691399118
1693385228617481984,4,-0.4809986421451722,-0.9063553449692194
1693385228725829120,4,-0.051384727355865634,-0.053449486693977866
1693385228842494720,4,-0.8126058604000415,0.6851852413986617
1693385228950821120,4,0.6842375276821007,-0.23950018639223147
1693385229059332864,4,-0.8297439321941784,0.19136077766462423
1693385229175868160,4,-0.8169925843982466,0.2959039906856975
1693385229284244992,4,-0.8319349596776267,-0.6843380404874939
1693385229392500992,4,0.7819798961234738,0.34868092562470054
1693385229509182976,4,0.1808598826887624,0.5829265738330696
1693385229617536000,4,0.19980342195052403,-0.15305096567140675
1693385229725979136,4,0.8076232448918625,-0.6991259684658191
1693385229834248704,4,0.4524108879589521,-0.21579093368953495
1693385229942567936,4,0.8865403234816809,0.3405523289772121
1693385230059227904,4,0.6958647590448812,0.3291668539552177
1693385230167535616,4,-0.8999492486248246,-0.9137306125634659
1693385230275867904,4,-0.2907175089517644,0.4267639982389506
1693385230384320512,4,-0.48269711576817187,0.5809417082136419
1693385230500856576,4,0.5802331951405812,-0.15295441281060884
1693385230609194496,4,-0.2907799120672099,-0.9119576142079313
1693385230717644544,4,0.7991739742733239,0.28465362262892
1693385230825902080,4,-0.6459414290263239,-0.43176506945204074
1693385230942592000,4,0.7875256211829174,0.38186089028733017
1693385231050908160,4,0.1163752410431309,-0.33338617201350185
1693385231159240960,4,-0.24522631832893826,-0.7859822246576744
1693385231276153344,4,0.8620203354990406,0.16206749972498669
1693385231384285696,4,0.717986640405827,0.3172623167936275
1693385231492599296,4,0.28235380944845345,-0.6365494982473572
1693385231609298688,4,0.2799972451503212,0.7695349395982445
1693385231717824000,4,0.8524541917686537,0.40402206241568916
1693385231825959680,4,-0.43392002828290166,0.21964960360995822
1693385231942624256,4,-0.23253864725234452,-0.5026901555008452
1693385232051012608,4,-0.4703372577494904,0.22360787435335272
1693385232159396864,4,-0.948757927631666,-0.09388046694247998
1693385232275994112,4,-0.37521265221104927,-0.8704801433690426
1693385232384284672,4,-0.9767695046521836,0.12166628745224939
1693385232492673280,4,-0.7955806495854973,-0.7153206145792121
1693385232609320704,4,0.9624525745722292,-0.2888572725654037
1693385232717609472,4,0.5200984365218586,0.651039609764757
1693385232825993728,4,-0.18673808462594121,0.0852393142389043
1693385232934432000,4,-0.7498846054025994,0.005065693969447116
1693385233051426048,4,0.1477406913065027,0.5786883052984666
1693385233159310592,4,-0.5559948345136909,0.06924415230945558
1693385233267703296,4,0.06540688420366969,0.003617573200941804
1693385233384338176,4,0.22816048623752483,0.7606685524569188
1693385233492665600,4,-0.7250812204925354,-0.4829368383409305
1693385233601127168,4,-0.04095279944928465,0.9811903981495358
1693385233717728512,4,0.5057905543924763,-0.10965136286702082
1693385233826048512,4,0.15150049430355206,-0.15017113056697218
1693385233934350592,4,0.24647812296480853,-0.8731800453486764
1693385234051033600,4,-0.4002006340942823,-0.5710964054061356
1693385234159407872,4,0.6593925075672,0.17299587869733157
1693385234267729664,4,0.5133772044512781,0.4495417065662912
1693385234376060160,4,-0.2845057746591997,0.5109821109046901
1693385234492739072,4,0.19938012421275664,0.6297267401701971
1693385234601048320,4,0.9971579733602471,0.7462655932392339
1693385234709373952,4,0.4294695467856451,-0.7840790713928805
1693385234817745408,4,-0.5733124095930102,0.43942890178609617
1693385234926114304,4,0.7888849377695384,-0.31654196699588955
1693385235042767872,4,0.962025243768474,-0.9124182772882188
1693385235151037184,4,-0.4909749430236585,0.11258754895692413
1693385235259414016,4,-0.8112088829188304,-0.3350985679066354
1693385235367780096,4,0.6601175770212968,-0.9561382545529342
1693385235484413184,4,-0.6688532775593374,0.8128581636570134
1693385235592739584,4,-0.4431666769016318,-0.3958236650289304
1693385235709420800,4,-0.7107108792337369,-0.7508613375383673
1693385235817760000,4,-0.8052771027547461,-0.364232649649892
1693385235926118912,4,-0.9368684012734607,-0.6135027751771429
1693385236042742528,4,-0.42169566044807305,-0.9434900762483782
1693385236151552512,4,0.134438669925792,-0.19587050609099954
1693385236267761920,4,-0.8736408133797913,0.5112110039641791
1693385236376158976,4,-0.03152081524467931,0.8231081356310543
1693385236484555264,4,0.4950436065395709,0.5447997378675224
1693385236592818688,4,-0.7464454367727846,-0.48261628159065273
1693385236709469440,4,0.07648029287508984,0.5060163221749836
1693385236817771008,4,0.2609738415752485,0.09340875656965086
1693385236926165504,4,0.9128522114091084,0.45897153024154225
1693385237042818816,4,0.7325975060567949,-0.07654987523961165
1693385237151132416,4,0.10230590619832558,-0.8062037785127969
1693385237259477248,4,-0.8407610886864221,-0.45825984457583036
1693385237376163328,4,0.03394318890260006,0.9905528143731692
1693385237484528384,4,0.5745537314783655,0.6794692624576095
1693385237592999168,4,0.24509503222566775,0.8382334469932264
1693385237701166592,4,0.2531801965315901,0.8943698594723113
1693385237809526528,4,0.09183003637470444,0.23293633257102875
1693385237917851392,4,0.0768075081319608,0.6095326977243731
1693385238034517248,4,-0.5020484373140226,0.9505116281177042
1693385238142967808,4,-0.20834486638785465,0.23709019347357918
1693385238259534080,4,-0.11930673850155205,0.8606195823359963
1693385238367901184,4,-0.2376751666185053,-0.3752993838684391
1693385238476206336,4,0.7850463966538346,-0.8194082628588883
1693385238592855296,4,-0.31943001466464715,-0.47756224902128896
1693385238701192192,4,-0.37288865739734045,0.31981320752651277
1693385238809630208,4,-0.7787080388647794,0.22739421032022955
1693385238917868800,4,0.4447631776199956,0.35904608935984106
1693385239026242304,4,-0.8828238420960535,0.3749052551544605
1693385239142920704,4,-0.04448656745725854,-0.2773678564072177
1693385239251184128,4,0.39398178352040536,-0.23702018128106284
1693385239367889920,4,0.389533341593868,-0.2974779141934438
1693385239476257536,4,-0.8592326868402835,-0.8427873488890805
1693385239584565760,4,0.3655321110516436,-0.8762657608528552
1693385239692890112,4,0.665048041880228,0.07563493777373909
1693385239801301504,4,0.5425847851520684,0.615007808728304
1693385239909553920,4,-0.585716926734912,-0.371223982445108
1693385240018036480,4,-0.17842081225120698,0.4187132514658345
1693385240126246400,4,-0.7484739258884145,0.02933556704623763
1693385240242927104,4,-0.4801893185428703,-0.2552232503966414
1693385240351239168,4,-0.8883772733959121,-0.028983741884256453
1693385240459629312,4,-0.9016965474967182,0.18823478603458388
1693385240567943936,4,0.3026547070205188,-0.39773448099205555
1693385240676296192,4,-0.7282265082193409,0.06070570604912562
1693385240784613120,4,0.16072778776612506,-0.6421449177420393
1693385240892979712,4,-0.41336527585225635,-0.24732896687626837
1693385241009633024,4,-0.2499106573699652,0.7303678136165692
1693385241117970688,4,0.5710342660997751,0.48112013729757463
1693385241226273536,4,0.11350474675581546,-0.13018397344142207
1693385241334647808,4,-0.004993104778821866,-0.8999953072238791
1693385241442956800,4,0.5783558403820392,-0.4757384037698913
1693385241551304704,4,-0.971289846000204,0.5810059447794094
1693385241667999488,4,-0.37851583488661644,-0.15281863711508548
1693385241776332288,4,-0.2716249601538585,0.512532598422409
1693385241884631552,4,-0.32016652021530345,0.7849272195873289
1693385241992973312,4,0.14242029861541505,0.5650336735396284
1693385242109655296,4,-0.3829571937321814,-0.3621354853397931
1693385242217958912,4,-0.5585346491293981,0.5625189916256346
1693385242326365696,4,0.6105292530150819,-0.942217328769692
1693385242442980864,4,-0.738288339338949,0.7140746531222841
1693385242551414272,4,-0.2609406671212833,0.5978599250977719
1693385242659639040,4,0.7517712918111741,0.5665582139910179
1693385242776368640,4,0.7085764502515395,-0.6313492838975088
1693385242884628224,4,-0.16253205632407486,0.4011968417345053
1693385242993122048,4,-0.891615195447226,-0.20701923023724556
1693385243109716736,4,-0.33199583584591075,0.2164802901003282
1693385243218007808,4,-0.5421957682765679,-0.8926018624133454
1693385243326368000,4,0.3895851065503866,0.3505351010783857
1693385243443039488,4,-0.6794717184368448,-0.6265238952873009
1693385243551410176,4,-0.6501841820455221,-0.4117753478729138
1693385243659684864,4,0.9265579396789754,0.5963838018764009
1693385243768113920,4,-0.14363603347042253,0.7627084177488817
1693385243876375552,4,0.3878992595768591,-0.05210314228212454
1693385243993041664,4,-0.19752780892943522,0.5276178168655221
1693385244101410304,4,0.22654625873762768,-0.2197129722275004
1693385244209749248,4,-0.7926873999973376,-0.6462449687580676
1693385244318042880,4,0.4182819423600126,-0.8001705990388968
1693385244426421248,4,-0.25498145951749507,0.9448244251577085
1693385244534788096,4,0.006720987190090177,0.9130905904054796
1693385244643120896,4,0.06681780214431798,0.03413900195684838
1693385244759823104,4,-0.22351014623979482,-0.8800627737325537
1693385244868263936,4,0.5209858850305862,0.958857708228386
1693385244976472320,4,-0.9699719830103539,-0.050829342174382175
1693385245084757760,4,0.03254075321523131,-0.20783808110355806
1693385245201422592,4,0.42193410537442877,0.9832739317242707
1693385245309760000,4,-0.7442956984656484,0.7492376130689999
1693385245418420992,4,-0.6542216900312965,0.1910487842929145
1693385245534783488,4,0.8835371488089101,-0.11182332142106888
1693385245643112448,4,0.5711869582126345,-0.9727600525172746
1693385245751491584,4,0.6038280170142221,-0.10776926376059648
1693385245859815680,4,0.9884320455533016,-0.18290263723539835
1693385245976476160,4,-0.473755555559072,-0.671780114790886
1693385246084840960,4,0.6239779803900147,-0.8477206208217929
1693385246193311488,4,0.46089372204106627,0.8390435004923327
1693385246309815296,4,-0.8930575668232004,0.05752377586407231
1693385246418189568,4,-0.5423848668423927,0.5194443000033191
1693385246534820608,4,-0.04255638506784565,-0.5440481092023297
1693385246643240448,4,-0.3085615382129805,0.17748440399015286
1693385246751521792,4,-0.2282611002564674,0.5051179607553771
1693385246859819264,4,-0.9038126250922045,0.10821526274613147
1693385246976530432,4,0.9474058273285773,0.271116020810658
1693385247084868608,4,-0.2630084308475098,-0.4705457993151547
1693385247193189120,4,0.028112205487913267,-0.3804741035712258
1693385247309915904,4,-0.7531881977357102,0.11498416505330966
1693385247409895680,4,0.50235709894539,0.006925379101915263
1693385247518166528,4,0.7572999038281707,-0.27594164316481495
1693385247626543104,4,0.5048429068915286,0.9000472466402463
1693385247734900224,4,-0.9057018454158974,0.35164126671214024
1693385247843163392,4,-0.14152548828028633,-0.3889938346621209
1693385247951590400,4,-0.2651455359875121,0.3044140706542737
1693385248068350720,4,-0.3229215928946807,-0.7087160070259821
1693385248176604416,4,-0.6063813441170762,0.7601089488968817
1693385248284976128,4,-0.7771926799424933,0.8889286695949596
1693385248393229824,4,-0.6916723410091585,0.42585046566613727
1693385248509925888,4,-0.10510119370421833,0.53950185384254
1693385248618253312,4,0.22955323406085348,0.4729579647030264
1693385248726607872,4,0.9543010516651489,0.3643441936386371
1693385248843323904,4,0.24158006509303775,0.6311978099240265
1693385248951603712,4,-0.8302664242573066,-0.12322327641888897
1693385249068230400,4,0.5471073001346585,0.5283145488244285
1693385249176599296,4,-0.5142075916454487,-0.41306034259401425
1693385249284946176,4,0.2830313247221441,0.48452298591073806
1693385249393261056,4,-0.02142958090124969,-0.9385898084695914
1693385249501782016,4,0.7352196698278788,0.1101776888802044
1693385249609904640,4,-0.24098605386789163,-0.6605680909805336
1693385249718439424,4,-0.854448066685509,-0.050534377193001134
1693385249826642688,4,0.42843355257236326,0.31010959361347523
1693385249934995712,4,-0.8784435719073398,0.6935897628556422
1693385250051638784,4,0.21348105049190158,-0.22595025655156098
1693385250159981568,4,-0.506124052007473,-0.9165949038426591
1693385250268250624,4,-0.3420973760670696,0.2706832914704369
1693385250376589312,4,-0.9335997196046562,0.21776157609119928
1693385250485025280,4,0.5856523361632355,-0.5409111928194805
1693385250593375488,4,0.4383732161718408,0.006082636561147936
1693385250709936128,4,-0.7103473057334821,0.24825791856339907
1693385250818324224,4,-0.5411254863288393,0.6955409233200309
1693385250926899712,4,0.7621931479213191,-0.9763693953191652
1693385251043505152,4,0.7156769472484668,0.7264456108213164
1693385251151747072,4,0.5756785070057091,0.4806126073574566
1693385251259982080,4,0.029404432611518594,0.4303107689706527
1693385251376709120,4,-0.20732195018914967,-0.051658727151804085
1693385251484955904,4,-0.4267885310323749,0.8100059638464578
1693385251593319936,4,0.6851203355935909,-0.309319243000469
1693385251701724416,4,-0.6555000502041857,-0.49179479100714185
1693385251818370816,4,0.8335795353356887,0.9110230111996003
1693385251926665728,4,-0.4766944756822651,-0.14500504652429824
1693385252043309312,4,0.6517036934455778,-0.5794679698430116
1693385252151696128,4,0.07016043184709808,-0.27673647271940083
1693385252260004352,4,-0.8680852282775726,0.20553481011898933
1693385252376741888,4,-0.5651146106371814,0.40915360725340566
1693385252485021440,4,0.10494212965895433,-0.9688608103724274
1693385252593476096,4,0.372480819387897,0.511303527807419
1693385252701818880,4,0.6009061146680559,0.3390362161472227
1693385252818404864,4,-0.5181528680972847,0.19151283984382217
1693385252926722048,4,-0.7058328757192065,-0.08701334952794038
1693385253035091456,4,0.004678450710957183,0.32214095079089344
1693385253143425536,4,0.7482669284770886,0.47068228402728685
1693385253260048384,4,0.6078102383330302,0.13579707710861744
1693385253368385536,4,-0.14883008616906435,0.17265168618699578
1693385253485071616,4,0.028984930759835326,-0.6899928914785503
1693385253593418240,4,0.7734496260335173,0.3811998307533626
1693385253701738496,4,-0.8781582667518402,0.9864153412771792
1693385253818410752,4,-0.3709958421999089,0.15755034540709212
1693385253926754304,4,-0.7343101972712511,-0.041317446460513496
1693385254035292928,4,-0.45151829958341017,-0.10117172180080813
1693385254151757824,4,-0.7249394170374706,-0.24631566952837725
1693385254260166656,4,-0.9271416245367554,-0.8209165653311032
1693385254376813824,4,0.45779877880954256,0.1964347294039579
1693385254485415680,4,0.4953979844377472,-0.23732297553907933
1693385254593436672,4,-0.4947335395957597,-0.46440076631007843
1693385254701791744,4,0.8091171265205008,0.6632831030599333
1693385254810081280,4,0.2973949644920848,0.18478578998938877
1693385254926788096,4,-0.6745319288750968,-0.5290683472414739
1693385255035144448,4,0.13602634954972226,-0.7935933150209804
1693385255143570688,4,0.951571823846245,0.9706610239456794
1693385255260217088,4,0.31906195804038084,-6.164565557909008e-05
1693385255372628992,4,-0.21620565772130185,0.6338227861689978
1693385255481073920,4,0.8874029201502132,0.13316248670354858
1693385255589336832,4,0.966810869759358,0.03416220645508261
1693385255706014208,4,0.029367877902891637,-0.9012477887914974
1693385255814315008,4,0.1561481290615474,0.8482460709227788
1693385255922717184,4,-0.6644335069402207,-0.7577468299153136
1693385256031209216,4,0.6324286627318407,-0.9701943369937798
1693385256147662592,4,-0.5399611119072267,0.7779273242073148
1693385256256020480,4,-0.9674451043750234,0.3833299357000224
1693385256364310528,4,-0.22812036482529163,-0.1320589575260518
1693385256480975616,4,-0.7707713388605475,0.8200815026432346
1693385256589350144,4,0.015846369285509754,0.2627581744919194
1693385256697700864,4,0.342946065483029,0.1162168222598785
1693385256806043136,4,0.6040763359775445,-0.03830710478326749
1693385256922807808,4,-0.22753234026279,-0.9775918342509713
1693385257031295232,4,-0.8327771899427494,-0.4090565861858304
1693385257139453184,4,-0.2546573075098413,0.5937191708824108
1693385257247670016,4,-0.4224722227199105,0.8345383513645221
1693385257364646656,4,-0.5295363977888068,0.10606503917817744
1693385257472770560,4,0.85711235283799,0.299751285373697
1693385257581071872,4,0.2823065659911237,-0.829895234262457
1693385257689420544,4,0.020669501351075592,-0.905270639268029
1693385257806087680,4,-0.034824307615107575,-0.15771967495920713
1693385257914419456,4,0.5021502787833565,0.7124290995349207
1693385258022916352,4,0.2830290516950591,-0.6100251776745642
1693385258131082240,4,-0.38133996116119584,0.7327091393238603
1693385258247768064,4,0.1774031865059169,0.6641150515717447
1693385258356279296,4,0.5802109703072629,-0.9302615820817663
1693385258464423936,4,-0.6028885136047715,0.546189367690461
1693385258581089024,4,-0.9661966047131412,0.670602154010487
1693385258689527808,4,-0.19144459193945984,-0.6352411508037403
1693385258806167552,4,-0.25988343630180166,0.6311607104383066
1693385258914454016,4,0.8869168211433882,0.9049937537639512
1693385259014507008,4,0.17665258615001145,-0.12493025013668624
1693385259131119104,4,-0.8509342472045505,-0.960909680978367
1693385259239482624,4,0.37806321749206173,-0.12817668269796934
1693385259347756288,4,0.9448882177008209,0.33688392326137495
1693385259456174336,4,-0.15583639936637073,-0.8159449387516715
1693385259572849408,4,-0.973916174397065,0.29460967172663466
1693385259681157888,4,0.8322797472919292,-0.40181836683297556
1693385259789509888,4,-0.8269165052628702,-0.8194074525821262
1693385259897817088,4,0.6814469231934712,0.9862350812941214
1693385260014551808,4,-0.5504090936961539,-0.43561492857954454
1693385260122855424,4,0.6155257142636319,0.08330768829481316
1693385260231150080,4,-0.7988568335946906,0.22823700037516503
1693385260347830784,4,0.8447896527693846,0.1829625706205451
1693385260456177408,4,0.5448518487604521,-0.061132445306216754
1693385260564509696,4,0.04558549247943655,-0.9699112122165525
1693385260672847616,4,0.5460111582532201,0.5204175739682813
1693385260789490944,4,-0.14020698637231566,0.09646952453705793
1693385260897831680,4,-0.4115978098815518,-0.7183465752315426
1693385261014501376,4,0.06859166511320458,0.13493610269727863
1693385261122858496,4,0.2436601579972566,-0.6813887746868392
1693385261231228160,4,0.21386649398674562,0.5698232802067194
1693385261347853312,4,0.05590896657228228,0.07987122883571729
1693385261456344832,4,0.11606013112397173,0.04007802751222389
1693385261572925952,4,0.270558142151724,-0.7633734424042937
1693385261681219328,4,0.05827724926183375,0.3642563918294286
1693385261789568000,4,0.2816774321391442,0.5631785633320394
1693385261897890560,4,-0.8547043001043146,-0.9387302492410579
1693385262006230784,4,0.6057015000486656,-0.14249136774822957
1693385262122927104,4,-0.2739573053488986,0.6877859097351784
1693385262231341568,4,0.1386993893157047,0.7935843672909522
1693385262339579648,4,-0.9532527373252295,0.1894031947366528
1693385262456281088,4,-0.7469916042346219,0.8865360332574765
1693385262564660480,4,-0.7345979000387648,0.7623590484491316
1693385262672927744,4,0.5280010251440277,-0.28298661925566027
1693385262789557760,4,0.6985402548818627,0.2621194798048827
1693385262898130432,4,0.15462445555728377,0.6620740275484587
1693385263006277376,4,-0.6264560613015231,-0.9706149205159298
1693385263114765824,4,0.9555557232895389,0.10659204207033768
1693385263231374848,4,-0.9883112794004021,0.8872162100732162
1693385263339620608,4,0.7946446921175667,-0.2629124531965803
1693385263447934720,4,-0.7215995797403876,-0.85432067835383
1693385263556383232,4,-0.07802897153486454,-0.32877119614933803
1693385263673001216,4,-0.3712908331824032,0.9146738218930146
1693385263781484800,4,-0.07885871102425623,-0.08616369529385381
1693385263897979648,4,0.41213268176037565,0.3419284186952294
1693385264006363392,4,-0.7240605132538416,-0.4064042808846151
1693385264123094784,4,0.2042463598382207,0.5681167107020062
1693385264231339520,4,-0.8068560132114491,0.34594854410342335
1693385264339794432,4,0.6695713645962034,0.10285163141270615
1693385264447991552,4,-0.4393382356777482,0.21710334290221467
1693385264564727296,4,0.18444124464411926,0.8799307664896663
1693385264673051904,4,-0.12851509055091248,-0.6459476923537435
1693385264781275904,4,-0.7181734501844863,0.8860502612222423
1693385264889730304,4,-0.3314651472534722,0.17526975385022348
1693385265006428416,4,-0.10144179979868895,0.6223255203237077
1693385265114715392,4,0.7632828950241699,0.8268259001356288
1693385265223152384,4,-0.47133237539222717,0.46282256195606797
1693385265339821056,4,-0.4671979111992146,-0.7362193002516659
1693385265448186368,4,0.6466149919264332,-0.3067771094886176
1693385265557917952,4,-0.4127030466072499,-0.027786868312374313
1693385265667212800,4,0.6700166470612798,-0.36207910723808934
1693385265783932416,4,0.5590045825510861,-0.7471619098948519
1693385265892212992,4,0.6898436781462707,-0.7169281225453537
1693385266000548608,4,0.6891281734353825,-0.265662260399089
1693385266108976896,4,0.6610090732583531,0.42061323783580384
1693385266226217984,4,-0.9638763675377231,0.4686346657541549
1693385266334779392,4,-0.873261337993767,-0.20140312284890882
1693385266443251712,4,0.8506815389413647,0.7969528487648239
1693385266559812096,4,-0.17998250908987257,0.9012782879597117
1693385266668196096,4,-0.08128368598703939,-0.5774557616221785
1693385266776506880,4,-0.7279751408331674,0.6952366361695039
1693385266884929280,4,-0.05999459338367785,-0.6447493507996398
1693385267001603072,4,-0.6740899992057328,0.11998001651505441
1693385267109922304,4,-0.34380328822994,0.44223899968681946
1693385267218476800,4,0.5750949275493407,-0.9898862681029623
1693385267326573824,4,-0.8220811860937653,0.040341297566140355
1693385267443256064,4,0.8906397359432876,0.6336541699872933
1693385267551558656,4,-0.634463561163578,0.3776946106823915
1693385267659892224,4,0.4341535188648695,-0.5192590491460345
1693385267776563456,4,-0.7275005579935641,-0.16062940549123317
1693385267884980736,4,-0.2210278519750013,0.8679207793212671
1693385267993229568,4,0.8483919640069035,0.5896826054517774
1693385268109896704,4,-0.2537167518400105,-0.03705935081972056
1693385268209905664,4,-0.8821650924339715,-0.2971354582463035
1693385268326570240,4,0.12491653325379515,0.39602990080502787
1693385268434921216,4,0.8975827404707946,-0.8170663548086785
1693385268543275776,4,0.1487218942016586,0.9494491368685021
1693385268659962368,4,0.2208368208706415,0.6876810113165057
1693385268768297216,4,0.7718171597609269,-0.7815853956184555
1693385268876904704,4,0.6325632282635161,-0.8276527030023431
1693385268985034240,4,-0.6281404431551147,-0.8382583447168541
1693385269101613312,4,0.7602238810601769,0.48773634974252156
1693385269209954560,4,-0.545174465373095,0.6338809261053
1693385269318327296,4,0.5878901845304505,-0.8935197767493799
1693385269434996480,4,0.13902375304943737,-0.6007808589361587
1693385269543274496,4,-0.9343439122680508,-0.8582396535625758
1693385269651635456,4,-0.13962406525539706,-0.37217979609242935
1693385269760047616,4,-0.9705883263855652,0.9139622074941829
1693385269876668160,4,-0.48714862903876677,0.4013221238550111
1693385269985002496,4,0.9759485222942501,-0.8267525899819053
1693385270093267712,4,0.008360021919049165,0.5704151736536378
1693385270201735680,4,0.12354875670934473,-0.3455423906575614
1693385270318391296,4,-0.4139288630038003,0.6214563346782285
1693385270426665216,4,-0.7183015078686363,0.13497395101045018
1693385270535073792,4,-0.0633495686470813,0.1861961566706436
1693385270643499776,4,0.1461686970791003,0.730409024021972
1693385270760233216,4,-0.1757499673275087,-0.7369898766997764
1693385270868627968,4,-0.4858183223153869,0.9130997728141752
1693385270977696256,4,0.5319822149808269,-0.17316079383593252
1693385271094380032,4,0.46540491414205376,0.9186723325312915
1693385271202728704,4,0.5860630679272167,0.029340802515975595
1693385271311027456,4,-0.7174986455231278,-0.05173015293203931
1693385271419577600,4,0.6095469640322717,0.6218735804918378
1693385271536219904,4,-0.8347150800642762,0.80339306250978
1693385271645530624,4,0.4507057185984573,-0.8585535282563914
1693385271755784704,4,-0.4843661437587419,-0.9091921276788553
1693385271868035072,4,-0.29640998282010567,0.12296068167668328
1693385271977684480,4,0.22154774372699393,-0.556441922715271
1693385272090036224,4,-0.6336482306015383,-0.06345586639043899
1693385272198354944,4,-0.4064601627985278,0.9416404050834275
1693385272306734592,4,0.5673431126872877,0.45674406528388034
1693385272414971904,4,-0.12429920947501705,0.048035826741767984
1693385272531646720,4,0.7626178983428535,-0.5160868415624633
1693385272640082176,4,0.7427142250298893,-0.6972321358222238
1693385272748407808,4,0.05987936348431533,-0.18873685803943574
1693385272857508096,4,-0.4539830091742636,0.09134004168840826
1693385272965752832,4,-0.9221644141475571,-0.1414661489754223
1693385273074544128,4,-0.6124877245979607,0.0959073784802762
1693385273182805504,4,0.979452874030885,0.9929117448832232
1693385273291070976,4,0.7819915011461931,0.8618978789738121
1693385273407741184,4,0.0067596464638699505,0.09432493602692671
1693385273516286976,4,0.9353460099827757,-0.3641610175341081
1693385273632914944,4,-0.5442969891037781,0.8422746804564782
1693385273741060352,4,0.5955872521959809,0.2612439538396474
1693385273849440768,4,0.6996193125533354,-0.1882156146317051
1693385273966209024,4,-0.7242005088896735,-0.9051343153290701
1693385274074459392,4,-0.33201500694345,-0.10896784340881704
1693385274182664704,4,-0.11133299876731662,-0.44659956239628906
1693385274291092224,4,-0.899758094646431,-0.27978783176860755
1693385274399400960,4,0.2397492577964595,-0.29512156426814773
1693385274516011520,4,-0.2715558415514092,-0.2058682119927442
1693385274624739840,4,-0.5880200331722045,-0.6344554762663466
1693385274732713728,4,0.6493038983603292,0.1881332402529463
1693385274849390592,4,0.08168430532391868,-0.33338700380454456
1693385274957803264,4,0.5313195485555,-0.7857197367771691
1693385275066081024,4,-0.013230984971760895,0.39967434569408433
1693385275174477312,4,0.4612397406631161,0.3321648238616115
1693385275282755584,4,0.20017682167465511,0.7789664303298443
1693385275399447552,4,-0.8005402542495432,-0.8333306760075481
1693385275507801600,4,-0.7997658779814882,0.5578183607386109
1693385275616100352,4,0.8828075734958087,-0.8104905545558481
1693385275724483072,4,0.9725604308646629,-0.9618067869197695
1693385275832793088,4,-0.3429320781612202,-0.4101361229395928
1693385275949456896,4,0.8848589576063335,0.3639543263474865
1693385276057806336,4,-0.8920331793019531,0.40539437796395417
1693385276174722816,4,-0.6636198217593745,-0.9524139850419329
1693385276282916096,4,0.43417351873192933,-0.25810192645524066
1693385276391091712,4,-0.5323843163978006,0.6351452755915687
1693385276507839488,4,0.8643350641138738,0.39726519495989043
1693385276616145408,4,-0.8336843448491704,-0.6457470357684658
1693385276732825600,4,-0.9986999348853707,-0.8346139987280756
1693385276841168896,4,-0.729533669617163,-0.12452523557667572
1693385276949462016,4,-0.3725059809545641,0.5877725020065576
1693385277066171392,4,0.13178061481333359,0.7438458794650276
1693385277174484992,4,-0.8809579311225464,-0.6841826459775628
1693385277282826752,4,-0.16463847816666144,0.6249120488708619
1693385277399488000,4,0.8379457153495238,-0.8421201807333896
1693385277507939072,4,-0.7780124047806771,-0.5708024373229794
1693385277624801280,4,0.4389485110417217,-0.6338144405706885
1693385277732911616,4,0.7570155761692601,0.9332248240403476
1693385277841193472,4,0.3093527210710254,0.37278721612990706
1693385277949485824,4,-0.4807406598306516,0.2674330307632202
1693385278066209024,4,0.23527041583931863,-0.936018758445059
1693385278174611712,4,-0.43496090108415664,0.9117232834511031
1693385278282869504,4,-0.015374614299937361,0.5299699372491573
1693385278391160064,4,0.40836894797180334,0.6890496183802952
1693385278507948800,4,-0.07260881967901511,0.10148906781550449
1693385278616197120,4,0.8615006559173102,0.4165939799422551
1693385278724497408,4,0.17977438381420674,-0.2676850461376712
1693385278832930304,4,-0.9438993347666371,-0.5388007660742542
1693385278941180672,4,0.5019922231023548,-0.8684742890574859
1693385279057901568,4,-0.9805545064424401,-0.21465916502705795
1693385279166172672,4,0.9147852462163331,0.24408139610635926
1693385279274571520,4,0.9396694496879345,0.5457227039540964
1693385279383086592,4,-0.9755903601160134,0.38005874897930636
1693385279499593216,4,0.15795642314132285,-0.9939916092539707
1693385279607990016,4,-0.3035803865483926,0.875375360718857
1693385279716199680,4,0.7565737547652864,-0.1431835137962234
1693385279832865792,4,0.012964570694784072,0.3974593873665322
1693385279941239552,4,0.5206341636808418,-0.8711810697315836
1693385280049608704,4,0.08552213460045888,0.25372199138150986
1693385280166243328,4,0.8197145625024325,0.910823512395939
1693385280274606592,4,0.980971301405746,-0.3263785260841232
1693385280382903296,4,0.2307472469895997,0.7838137771824361
1693385280499661824,4,0.919688709757378,-0.28165165564256656
1693385280607930624,4,0.5199303887790852,-0.5127380354806399
1693385280716221184,4,-0.2524003582295078,0.13416441292267445
1693385280833033984,4,-0.7069841467484146,-0.27730802613612493
1693385280941377024,4,-0.8586766416839113,-0.8813502429789741
1693385281049677824,4,0.9275082124306673,0.1387889674390883
1693385281166227200,4,0.15521806497943724,0.28825064032109937
1693385281274709760,4,-0.2044330750228025,-0.14305366660796737
1693385281382937088,4,0.8280143426184836,0.648495607785851
1693385281491346176,4,-0.8824203748451511,0.09347063879456186
1693385281607969536,4,0.4342576479797411,-0.04499870147156826
1693385281716352000,4,-0.9118223372356011,0.39090369485972243
1693385281824638720,4,-0.5167281777245416,-0.0420360341525996
1693385281932940544,4,-0.46588823654669254,0.3604361582593081
1693385282049640192,4,0.43331289127116546,0.9128333064586514
1693385282158010880,4,0.324424716738543,0.14055199695047804
1693385282266673920,4,-0.422047938305784,0.16210633067621694
1693385282374638848,4,0.926360308923579,-0.25006272104549376
1693385282491371520,4,-0.5499434021039129,-0.994441831221722
1693385282599734016,4,-0.01844697507506221,-0.24604609968121682
1693385282716521728,4,0.6961324937121767,-0.6856489280734319
1693385282825007616,4,-0.34381653356477715,-0.5640675848621115
1693385282933048576,4,0.2657662085881656,0.6568845363118379
1693385283049614848,4,-0.8542429284270068,-0.574966863015768
1693385283157994752,4,-0.24103411565566657,-0.4897922556101102
1693385283266272256,4,0.7976878939742296,-0.6327102141697845
1693385283374782720,4,-0.7884642711374388,0.07447782538490233
1693385283491377408,4,-0.63245949771832,-0.87770338911211
1693385283599689216,4,-0.6264596780912361,0.8940499063235843
1693385283708001536,4,0.40491290061322394,-0.7010967400843631
1693385283816364032,4,0.5785536501008623,-0.3845694611813133
1693385283933012736,4,0.7120229318030016,-0.8605119881744185
1693385284041318912,4,0.47445754390142736,-0.9361034099561323
1693385284149730816,4,-0.920332362604871,0.7900604291609974
1693385284266293504,4,-0.1564903134266995,0.3535337902068323
1693385284374842880,4,-0.2876610123472618,-0.9887628013311816
1693385284483060480,4,0.528610854731131,0.0820277267066516
1693385284591514112,4,0.8270489933193406,0.02087349076981626
1693385284708025600,4,-0.5140485612460302,-0.6970663832664723
1693385284816332032,4,0.8057058321930208,-0.8232275041337895
1693385284924750336,4,-0.2148358457673818,-0.5601118982646123
1693385285033210624,4,-0.7278378365000144,0.8550367803349379
1693385285141457920,4,-0.43682022547148613,0.3566765686051805
1693385285258081024,4,0.9153755452525048,0.8470592336668783
1693385285366493440,4,-0.08692290881152465,0.5084741842218832
1693385285474748416,4,0.9920449936773301,0.11296710058978765
1693385285591464192,4,0.9640431187008376,-0.09770477826479662
1693385285699890176,4,0.71441973098507,0.7214075056622631
1693385285808183808,4,-0.8245463196785463,0.18683817590693597
1693385285916409088,4,0.18719339029589332,-0.1530045373486748
1693385286024809728,4,-0.6650258094781438,-0.9071475829043216
1693385286141422080,4,0.9065025127405562,-0.5194612231987676
1693385286249737984,4,0.34207293099324176,0.7646106508252164
1693385286358223616,4,0.5946790130208639,0.769488583418948
1693385286466475776,4,-0.7170693955187035,-0.2599120087366833
1693385286583061760,4,0.04132150391546796,-0.844524633052431
1693385286691463424,4,-0.07611250902260314,-0.07326540514933866
1693385286803572480,4,-0.9506717816754722,0.19167547115806238
1693385286911878912,4,-0.997805254052119,-0.11016467042961064
1693385287020398848,4,-0.8183317810125188,-0.3114955001793247
1693385287128602112,4,-0.6757947172872758,0.42738851535222433
1693385287245225472,4,0.10146152982293355,-0.638134908839388
1693385287353730048,4,-0.13710183351600125,0.9148704285658671
1693385287461882880,4,-0.8020506851816935,0.5905233861207129
1693385287578570496,4,0.45111430675168696,-0.6581664224337762
1693385287686984448,4,-0.2948567136093325,0.8207715380852358
1693385287795441408,4,0.5713526923133869,0.04450794417933701
1693385287911954688,4,0.8197216464405208,0.4455787987154114
1693385288020286208,4,0.37279090830746386,0.13108678302859267
1693385288128625152,4,-0.13253030022358891,0.5456051098117911
1693385288236993280,4,0.006265780874050719,-0.5771280000279764
1693385288353575424,4,-0.25714323919541027,0.10047615394891962
1693385288462085120,4,-0.836893935049623,0.17708252192623242
1693385288570301952,4,-0.3741052960012101,0.4992493162117897
1693385288687028992,4,0.3805347676994213,-0.05910964060605495
1693385288795454976,4,0.40795541838902083,-0.811607250843648
1693385288904035328,4,0.1120259391779308,-0.9110858632798535
1693385289020322816,4,-0.8993121422765784,0.9848305847216636
1693385289128622080,4,-0.32066124801087614,-0.5273336398787767
1693385289237005312,4,0.0699560011265854,0.6165916725898415
1693385289345353216,4,0.20774777022123492,-0.568105547619332
1693385289461983488,4,0.09497779576613663,-0.2491245775124955
1693385289570397184,4,0.8852096819068969,0.017040638753993198
1693385289678618112,4,0.16376892446863445,0.7984293724950886
1693385289795237376,4,0.6074116454879122,-0.4477780560895974
1693385289903876608,4,0.9228898567269428,-0.37801651855956564
1693385290012018944,4,-0.8931591114795725,-0.8080510348762733
1693385290128624128,4,0.02782726493629961,-0.66375728365209
1693385290237048576,4,0.5079855095859178,-0.6749728470859058
1693385290345304064,4,-0.892051321601387,0.10239968022333734
1693385290453704192,4,0.23008381269194977,0.07330915521771941
1693385290570298624,4,0.25054411480756444,0.6773653176334848
1693385290678779392,4,-0.542723072539713,0.3249707213865871
1693385290786957312,4,-0.6890258780247036,-0.4960759566920918
1693385290903735552,4,-0.4451513844915538,-0.025450617262676722
1693385291011985920,4,-0.44247775294134506,-0.5771549682148953
1693385291120585728,4,-0.7366418104685135,0.498612148467515
1693385291237092096,4,0.049801256474445,-0.7805875231915864
1693385291345526528,4,-0.15707963743898157,0.9069726311647668
1693385291453754112,4,-0.28019691143521186,0.20488693878859543
1693385291570410752,4,-0.6074338301852229,-0.9795842368434928
1693385291678755840,4,-0.7469340155166495,0.25460555754283676
1693385291795338496,4,-0.9739084671798248,-0.9277686382227561
1693385291903857920,4,-0.5842847082216214,-0.8985846597403555
1693385292012054272,4,0.8742092358230666,0.39175710304480327
1693385292128816640,4,-0.5619649611059532,-0.7375989089819119
1693385292237113600,4,0.43387903927127547,-0.003945956242453308
1693385292345449216,4,0.7009729732627812,-0.7456157699904951
1693385292453779968,4,0.7516210392599614,-0.512601489232023
1693385292562044160,4,0.4357046662861599,-0.917142333112491
1693385292678710784,4,0.5536921882525689,-0.7387144490579052
1693385292787333376,4,-0.8129258987616199,-0.32906970551109493
1693385292895419904,4,-0.9059303342229428,-0.49306868916939384
1693385293003923456,4,-0.6059170960949982,0.3643638638311799
1693385293120395264,4,0.6497569092726874,-0.3111313027851683
1693385293228759808,4,0.5860943882893141,-0.5383817563220454
1693385293337168640,4,0.6563536143298501,-0.08616388649346152
1693385293453788160,4,-0.2882821500616721,0.8061867294395297
1693385293562155776,4,-0.8080923913254554,0.07453814483053911
1693385293670449664,4,-0.7359616642012428,-0.8579246746929439
1693385293787132160,4,-0.9541644803917217,-0.6762017460067817
1693385293895434752,4,0.1964299096116251,-0.1685788529718486
1693385294003878912,4,0.7669207872890631,0.3715754446131021
1693385294120521728,4,0.4845927070681382,-0.06064708086046622
1693385294228962816,4,-0.2437597831310463,0.2162369197737668
1693385294337214208,4,0.7212012103928662,-0.6817572924190716
1693385294454007552,4,0.498148366150061,0.06177185800924545
1693385294553917952,4,-0.7613367297632636,0.5703163896377628
1693385294670643200,4,-0.47265870499698104,0.6842937166297569
1693385294778898688,4,0.48374810131210455,0.6423559229955926
1693385294887286272,4,-0.8662383314953932,-0.22580125343975355
1693385294995499008,4,-0.6755952812606729,0.1349781763726452
1693385295112168960,4,0.6029168794845694,-0.5939518818425242
1693385295220658176,4,-0.7629691150814362,-0.026304244786618636
1693385295328892160,4,0.002174422977523127,-0.2662150203308047
1693385295445601792,4,0.11436009235379241,-0.2628511940115841
1693385295553981696,4,0.6824771228087549,0.6828692103879519
1693385295662489600,4,0.8148223518320354,-0.0789908475570873
1693385295778909696,4,0.5062858444007179,0.7818494743195081
1693385295887302144,4,-0.23367057392198043,0.40085241785647296
1693385295995835392,4,0.8597231083061048,-0.8317746584068546
1693385296104053248,4,0.024289977612821145,-0.2125672197036328
1693385296220606976,4,-0.27665899603896515,-0.3936066093860042
1693385296328890880,4,-0.4261205527364773,0.5261341301086928
1693385296437411328,4,-0.49052856414760515,0.3120541726973316
1693385296554000896,4,-0.11804945818614487,-0.13702964199310186
1693385296662291968,4,0.9593931316785091,0.3697156206692689
1693385296778990848,4,0.209318321499381,-0.6228709710049669
1693385296887305728,4,-0.550560540444361,-0.16633547330215714
1693385296995637248,4,-0.9829277202144138,0.2944464624601364
1693385297112497152,4,-0.2461423699963865,-0.09276932195167631
1693385297220540416,4,-0.7410484575255312,-0.6621133925715039
1693385297329398272,4,-0.7306207353794594,0.7641283994022505
1693385297445692160,4,-0.7650577114751989,-0.4089645748040458
1693385297554030848,4,-0.7062838933508633,-0.5671157123769752
1693385297662298880,4,-0.1781286796113164,-0.7251091313416489
1693385297770700288,4,0.657497297806203,-0.31295466511192416
1693385297887326720,4,0.3090920530975647,0.390852679618618
1693385297995657216,4,-0.46688989291330985,-0.6973888411907576
1693385298104282368,4,0.3583556043310028,0.7003007160609678
1693385298220721408,4,0.2724644375783851,0.9099195605410753
1693385298329052672,4,0.06760188542235168,-0.01401537732566105
1693385298437413120,4,0.9726573615389844,0.900742019522836
1693385298545996288,4,0.23539850261935746,0.47981058989129455
1693385298662370304,4,0.8606103123361453,-0.7049621844370659
1693385298770779392,4,-0.5197958391255904,-0.37773019213319037
1693385298879035392,4,0.6413212226512399,-0.8307292214331776
1693385298987456000,4,0.2015702660514953,0.3653965649048425
1693385299104140032,4,-0.4726605680495033,-0.597973606590843
1693385299212318720,4,-0.3223290472477982,-0.5211561189985043
1693385299320773888,4,-0.732044194338241,0.9313875133157621
1693385299437404672,4,0.9786478024979453,0.8944694021483219
1693385299545697280,4,0.9482166313826432,-0.6266820149278132
1693385299654108416,4,-0.2687334020925993,-0.8847936188478693
1693385299770759424,4,0.06325750404373132,-0.550174307144842
1693385299879080704,4,-0.47851590887851736,-0.5953862376605892
1693385299987649792,4,0.6304730480124723,0.6178336246240783
1693385300095770368,4,-0.5182287383444857,-0.8426288410066691
1693385300212372480,4,0.6689076627171686,0.6966789762446448
1693385300320720384,4,0.0580039992855228,-0.18866442102209602
1693385300429083136,4,-0.2522758993485892,0.43753594558054476
1693385300545711616,4,-0.26041013205696495,-0.06619103583154073
1693385300654158592,4,0.4555284141064331,0.8322752071891568
1693385300762435328,4,0.12743097059636566,-0.46287401766509584
1693385300870821632,4,-0.3383496583094294,-0.09293718037938148
1693385300987600640,4,0.17365303206602234,0.7898289817653894
1693385301095805696,4,0.5949752627367435,-0.46349767265102737
1693385301204230400,4,0.5441773674300523,0.8029755639461666
1693385301320751616,4,0.2714556654617719,0.8939788818265249
1693385301429274880,4,-0.2790147816083679,-0.5201416695626657
1693385301537580800,4,-0.2585623478246084,-0.055623725188848505
1693385301645774592,4,0.7144926975794808,-0.21394507010788888
1693385301762433024,4,0.8623866100331163,0.18929446901262903
1693385301871049216,4,0.005579507087286606,0.9245502621962618
1693385301979235328,4,-0.8728357191248535,-0.5827565207191592
1693385302095786496,4,-0.43928560426126184,-0.8418426934319259
1693385302204207360,4,-0.31348490289523157,-0.2601218220274746
1693385302320889344,4,0.0709728553554616,0.8165174574839968
1693385302429126912,4,0.14537305134595058,0.850586069207963
1693385302537702400,4,0.8736929985631312,0.8341300627573742
1693385302654197504,4,-0.3873010053031807,-0.8249232796614476
1693385302762550272,4,-0.31661902091853666,0.5208356439933322
1693385302871205120,4,0.19188909445100077,-0.35380699058581344
1693385302987538176,4,0.8799027706863836,0.1514331606222219
1693385303095782400,4,-0.20585022416581156,0.6884789980453891
1693385303212563968,4,-0.6365522874468317,0.7068971234953099
1693385303320951808,4,-0.5209417490132715,-0.09359933629459527
1693385303429178368,4,0.961674813571332,-0.7265822702706259
1693385303545927168,4,-0.26411454711974214,0.4348089335635499
1693385303654158080,4,0.9745982605019723,-0.4686098220707082
1693385303762445568,4,-0.23038807328731115,0.8662503631955045
1693385303879258880,4,-0.428169547727121,0.9953924964025296
1693385303987595008,4,0.9073138872500048,0.30133030629846047
1693385304104231680,4,0.16704242222626986,-0.5043752522373419
1693385304212530176,4,0.794521244725781,0.8819172742285744
1693385304321180416,4,0.6331560331038226,-0.3980051461346217
1693385304429148416,4,-0.3665302263776826,-0.38210746327801104
1693385304537717248,4,0.43678864552964614,-0.8883269212722007
1693385304645915392,4,0.13314249236359066,-0.5599785647126216
1693385304762632704,4,0.5406397798344158,-0.5479890539608923
1693385304870891520,4,0.9221011088410074,0.36133923983077576
1693385304979426048,4,-0.9638560558857372,0.06831581362510586
1693385305095872256,4,0.37251688138947836,-0.7560361549901604
1693385305204332032,4,0.8802933623020386,0.6439032756726124
1693385305312673536,4,0.8395050937982231,-0.7158225039851489
1693385305429171968,4,-0.7595054942458745,-0.2632793228344701
1693385305537580800,4,0.09796558986059023,-0.8152438265658881
1693385305654312448,4,0.8650640034225789,-0.43829735639191214
1693385305762607616,4,-0.6871631710363142,-0.2745037851386447
1693385305870867200,4,0.9389220276168213,-0.4412796983253304
1693385305987624192,4,0.792522328737649,-0.13410885797172578
1693385306095997184,4,0.8116871193868807,0.595020956704835
1693385306204583424,4,-0.48047682244987366,0.6882830661576436
1693385306320910848,4,0.30097369686206443,0.35742522028170987
1693385306429337088,4,-0.9027811421092062,-0.005559828966922309
1693385306537674240,4,0.28563162632097927,-0.6727987100229618
1693385306645913344,4,0.29620949825285114,0.6317357670769908
1693385306762598912,4,-0.9493698523714993,0.05807352678361721
1693385306870975232,4,0.5932652703141736,0.7506241610940079
1693385306979574272,4,0.6407115779457673,-0.5548712029317426
1693385307095979520,4,-0.11058085467220713,-0.09406730335866098
1693385307204596992,4,0.15460943326316312,-0.1993899988834773
1693385307312721920,4,-0.35217239846680126,-0.6233994484695913
1693385307429392640,4,-0.06393884117297399,-0.7770497608384888
1693385307537642240,4,0.8220534780911415,0.2914109949382384
1693385307646055424,4,-0.9067173164337818,0.5263842438057031
1693385307762742528,4,0.4005319231317923,0.6305821858719087
1693385307871025408,4,0.627342796911722,0.8648580541761204
1693385307979315712,4,-0.8742363896282523,0.855143143773837
1693385308095919872,4,-0.26502471677238293,0.2981543171278236
1693385308204400640,4,0.3165705946696329,-0.9087394321506241
1693385308312668928,4,-0.9493655127171448,-0.6960338729047042
1693385308421361920,4,0.7126697254541283,-0.6436371992604699
1693385308537781504,4,-0.7439528693897639,-0.3816224606885228
1693385308646128128,4,-0.3604227831495599,0.32513613770428096
1693385308754542080,4,0.8907260774801307,-0.760169812658092
1693385308871057664,4,-0.9470604866114958,-0.39775216241614286
1693385308979488256,4,0.9353191043982545,0.3845994292461965
1693385309087758080,4,-0.7531642054134702,0.8369460734369856
1693385309204406784,4,0.5261276572644116,0.058173191638633215
1693385309313123328,4,0.25509304842543234,-0.8263108060601783
1693385309421492736,4,0.9869091982316733,0.8168662344676603
1693385309530119168,4,-0.6030810308214556,-0.603768790094801
1693385309646414336,4,0.2448687455931784,-0.29787114695925565
1693385309754818048,4,-0.6916506064221641,0.5511308966691109
1693385309863096832,4,-0.6479794844018791,0.44169168214185506
1693385309971397376,4,0.20186609990709026,-0.6270259383974452
1693385310088307200,4,0.4525086973781527,0.7118903917765569
1693385310196448768,4,0.5681860632617957,-0.3120612036016508
1693385310313076224,4,0.43827298840178397,0.932720417013321
1693385310421500928,4,-0.2955022181980762,0.7865026274294689
1693385310529954560,4,0.3185477656555997,-0.5735826952823313
1693385310646503680,4,-0.5307374276465386,-0.662048084277268
1693385310754897408,4,0.27987326224483544,0.5417156489891046
1693385310863129856,4,-0.1146121140295353,0.3986210318796126
1693385310979773440,4,-0.6197917775270125,0.04442493026539296
1693385311088276736,4,0.21584743521073957,-0.9971516536574154
1693385311196393728,4,-0.272818850683211,-0.05263716442600064
1693385311313177600,4,0.38698547822692264,0.7888039019959017
1693385311421548544,4,0.6631933036753463,0.5637174003428043
1693385311530459392,4,-0.5489963124811255,-0.546725654255944
1693385311646461952,4,-0.1463570432795942,0.014551808685184353
1693385311754894592,4,0.9439857458287242,-0.060915136380553125
1693385311863343360,4,-0.816723929235369,-0.9020901389237186
1693385311971762944,4,0.9522463449703857,-0.9088766498647534
1693385312088190720,4,-0.6251248957352347,0.2142685874973862
1693385312196504064,4,0.5758243942202463,-0.7584136610553975
1693385312305127936,4,0.011332777245726788,-0.6832101519440876
1693385312413264896,4,0.7070802927002802,-0.23773403408267524
1693385312530167040,4,-0.8026594219482026,-0.017215607692580237
1693385312638305280,4,-0.6880581617887955,-0.8004466391470917
1693385312746540800,4,0.2896123207408452,0.9043004039470346
1693385312854918656,4,0.9609681152347029,-0.5554772482373058
1693385312971661824,4,0.9254916989546391,0.3555418187412718
1693385313079878912,4,0.2642400259063944,-0.6342299922393713
1693385313188634112,4,-0.8207188701084631,0.7180602921991814
1693385313296640512,4,0.33244128217929325,0.6836290304402539
1693385313413193472,4,-0.13051639611955168,0.41490293684668544
1693385313521630976,4,-0.4757232586423701,0.7190585770945348
1693385313638243328,4,0.558701401986736,-0.043047261233566614
1693385313746512896,4,-0.3513763033953874,0.5075033048191011
1693385313854920448,4,-0.7379517384596377,-0.5803596231389339
1693385313963197952,4,0.9397291386749214,-0.5666181149758058
1693385314071596288,4,0.38170334670650385,-0.6944674679393412
1693385314188276736,4,0.9045680785385639,0.8392852948914598
1693385314296666880,4,0.016716540111412437,0.26948087075547233
1693385314405203968,4,0.5087626368914275,-0.4159261546469286
1693385314521562368,4,0.9942765556867221,-0.3077877676455216
1693385314629947136,4,0.9807790617697381,0.7161286732638883
1693385314738286592,4,0.1321470462424008,0.434709814424616
1693385314846567168,4,0.3300081043066443,0.37065615700684895
1693385314963466240,4,0.7204647389670078,-0.64272357919436
1693385315071890176,4,0.9167086236736022,-0.18994524989783912
1693385315179973888,4,-0.245946121468537,0.6421057714287615
1693385315288485632,4,0.2358648626938875,0.9861161610116636
1693385315396658176,4,-0.5778729264201132,0.312179432053997
1693385315513251584,4,0.8004363535286683,-0.5155136610103233
1693385315621853696,4,0.794177675775166,0.58071158412188
1693385315738389248,4,-0.04242308639745063,0.5974760688042953
1693385315846821888,4,-0.8666618040936651,0.2955085801294499
1693385315955139584,4,0.06314528071018843,-0.45688795452088504
1693385316071728384,4,0.3673484145549355,-0.01644739097685055
1693385316179906048,4,-0.790917220299346,-0.5273704825891121
1693385316288350720,4,-0.02886634068187499,-0.3694893832636599
1693385316405054976,4,0.7135437065197601,0.8995557919873367
1693385316513395200,4,0.5443404186073639,0.3064023190987797
1693385316621836032,4,-0.35208226519082264,-0.9728958921361175
1693385316730009344,4,0.3199826787671014,-0.5604969147627301
1693385316846696704,4,-0.22926643230744048,-0.19741473106893226
1693385316955000320,4,-0.8853361530793016,0.569090162021276
1693385317063233024,4,0.3279403954639504,-0.5415227924151635
1693385317172014080,4,0.6563438731446134,-0.05294682596845979
1693385317288527872,4,-0.26924996992772354,-0.8734849048580087
1693385317396740352,4,0.46099514181686696,0.5815083157441601
1693385317505273088,4,-0.9099341428051573,-0.36315911633630016
1693385317613440512,4,0.13735394288184444,0.5985643293601257
1693385317730074624,4,0.8735669795603933,0.3193764696611878
1693385317838363136,4,-0.2634251253831692,-0.14376187358269132
1693385317946639872,4,0.44075976711017084,-0.8559582370893186
1693385318063477504,4,0.13245287189524046,0.8366239916269544
1693385318171733504,4,-0.31555817529636165,-0.14346958292098067
1693385318280081920,4,-0.9661860232118453,0.8666904370565007
1693385318396636928,4,-0.8173520330156092,0.4417930450435765
1693385318505158400,4,0.18485014117905374,-0.576960078016898
1693385318613423104,4,-0.357918896513294,0.09424350405709658
1693385318730164224,4,-0.2844945966474184,-0.6302744737237973
1693385318838507008,4,-0.04567924434798787,-0.9989441214322528
1693385318946668800,4,-0.7258242813026883,-0.49275812255252505
1693385319063371264,4,-0.13080641662486792,-0.6834085782369446
1693385319163531776,4,-0.9701821346413995,0.24549871484752317
1693385319280231424,4,0.3040579482336403,-0.8078120330578797
1693385319388428544,4,0.4579282799606381,-0.8203892238487134
1693385319496903168,4,-0.3850380022333324,0.8816015303400955
1693385319613377792,4,0.14314724868015793,0.5037955301471424
1693385319721988096,4,-0.14000706514810135,0.89326983124471
1693385319838512896,4,-0.19293265845243024,0.0639606053610069
1693385319946730496,4,0.2945325591251733,-0.1880331183025885
1693385320063492608,4,0.1327893876268127,0.04643968454847425
1693385320172000000,4,-0.5687611241013804,-0.6700526263361806
1693385320280108544,4,-0.01890100697880448,-0.032254543433722915
1693385320396757248,4,-0.8401941538171489,0.20388424374297198
1693385320505138176,4,0.5409824726786356,-0.7362967813335493
1693385320613517824,4,0.30406863077586044,0.34990016765357024
1693385320721824768,4,-0.9433632573428414,0.9182876548039747
1693385320830211328,4,0.39090574647151843,0.9276694585445207
1693385320946840320,4,0.06953031750973215,-0.049691354502017226
1693385321055177216,4,0.08939324945742766,-0.2951662505085555
1693385321163491840,4,0.6813201403230793,0.8719387681484947
1693385321280181504,4,0.881409237250167,0.3698755885908873
1693385321388496384,4,0.8002184467888345,0.3965671761776335
1693385321496788224,4,-0.3824652254132137,-0.7694237291422799
1693385321613686272,4,-0.8166089709108284,0.5399267879460936
1693385321721921280,4,-0.34236865775634806,-0.6232478017974317
1693385321830378752,4,0.9076258467509475,0.3442269820732058
1693385321946814208,4,0.571275421652472,0.2738683869670504
1693385322055267328,4,-0.6366219932857922,-0.7506215699802083
1693385322163773184,4,-0.9086386239746282,-0.7578972341702357
1693385322271957760,4,-0.8614938355688329,0.6843298081087912
1693385322388588544,4,0.5491914801166271,-0.027420091516461742
1693385322496931584,4,-0.24372814189959424,0.9863746357379597
1693385322613629184,4,0.12608071625357664,-0.08781038523404461
1693385322722273792,4,0.8433216405524671,-0.04012411822546036
1693385322830199296,4,0.4219328917554268,-0.9976187774497203
1693385322938637824,4,-0.15827021050200507,0.12252480483453287
1693385323055372800,4,-0.20871355673416936,-0.38162634455031874
1693385323160209920,4,0.3307625615971579,-0.12948312615734636
1693385323276603904,4,-0.1981726095416565,0.14479171406963576
1693385323376806656,4,0.1861717171987729,0.8467144863234384
1693385323493326080,4,0.7696270337849322,-0.8219462272556188
1693385323601745920,4,0.6324314803079707,-0.2286861555199864
1693385323718409728,4,-0.3048825349415778,0.38125242278885385
1693385323826696192,4,-0.9324505588869518,0.7158018995914737
1693385323935086336,4,-0.9339475032232167,-0.18658791118466977
1693385324043331328,4,-0.2939933491537763,0.3980631861178694
1693385324151872256,4,-0.05948045552999015,-0.9247298897972211
1693385324268571136,4,0.4782295582610505,0.9501029889643133
1693385324376762112,4,0.13009261230565072,0.23291740099298153
1693385324485650176,4,0.9257721076071719,-0.1172411430019411
1693385324593588736,4,-0.7801800834725514,0.2699794704531526
1693385324710206720,4,0.3001477175666898,-0.725293627838645
1693385324818553600,4,0.3918908742093581,-0.5545196783379285
1693385324935158016,4,-0.5882226966389215,0.3894429858172197
1693385325043499264,4,0.18712890842484886,0.4380316884511266
1693385325160164352,4,-0.641507485985654,-0.3004708571713872
1693385325268545024,4,-0.6769760023204059,-0.6777954479653756
1693385325376914944,4,-0.17294906564919432,-0.5872598673914902
1693385325485276416,4,-0.40058067091150984,0.9748962831253278
1693385325593743360,4,0.7066507386269205,0.22816303804488292
1693385325701921280,4,0.8323302794176379,0.2415298499157863
1693385325810235136,4,0.11918222666525846,0.13983355110065143
1693385325927233280,4,-0.32920161468201803,-0.2130581535595517
1693385326035216384,4,0.8452064883961226,-0.17210498962612308
1693385326143672320,4,-0.13075093555430062,-0.40292578976788174
1693385326251884032,4,-0.33918483922303855,-0.4765495527586492
1693385326368626944,4,0.8022531411364031,0.8466915233755092
1693385326476866048,4,0.4906580779166019,-0.38521689610128584
1693385326585776128,4,-0.4852042677169355,-0.8540121347947849
1693385326693688064,4,0.7933757052623109,0.22397342505026252
1693385326801995008,4,-0.2089561437161942,0.8560060650628896
1693385326910315776,4,0.17817652589959132,0.5059629918256543
1693385327026995712,4,-0.5150838817092271,0.4113744042031464
1693385327135221248,4,0.7154496946704192,-0.4484241071593864
1693385327243745280,4,-0.09821919672058699,-0.5471700940293087
1693385327360319744,4,0.7618350575810551,0.7541468502568878
1693385327468652544,4,-0.4724112895551891,0.051649075136638745
1693385327577147136,4,0.3520432686324644,0.31476532965314674
1693385327693670144,4,0.12271447735037433,-0.7077917125146274
1693385327802141184,4,-0.9045115322869872,-0.34362398832285024
1693385327910320384,4,-0.15974351572537882,0.21087750379666725
1693385328018690816,4,-0.04594391996344882,0.8703585150618296
1693385328135350784,4,0.9766543444338365,0.3380157175298395
1693385328243751168,4,0.06635720495202002,0.5410740506997234
1693385328352056832,4,0.0447699216401114,0.7162671824359526
1693385328468584704,4,-0.46078255623938214,-0.5016455626831453
1693385328576954880,6,-0.7927773152688418,-0.9840478003366835
1693385328685541120,6,0.7884324455298306,0.14201389917050378
1693385328802225664,6,-0.7418224802433859,0.3825438942512436
1693385328910313216,6,-0.769712941938322,-0.04252560791844551
1693385329011156480,6,-0.9132965433756981,-0.3463530346548769
1693385329126940928,6,0.7984755613152037,0.03714423399787625
1693385329235490560,6,-0.6145672159334212,0.2605945126675868
1693385329343718144,6,0.5687380196571132,-0.25891194735947076
1693385329452276224,6,-0.05476473569344131,0.17121023136245728
1693385329568693504,6,0.7182870176098646,-0.7486781174347945
1693385329677125632,6,-0.5111322997486496,-0.9141785308454746
1693385329785445120,6,-0.4437246685224028,-0.13432538735484245
1693385329885433344,6,-0.3912266585007096,0.857800782681827
1693385330001994496,6,-0.7032365989158378,0.2218768331922003
1693385330110550784,6,0.13314706168484203,0.6459210221079859
1693385330218767360,6,-0.7171297088676862,0.4745934288895368
1693385330335407616,6,-0.2884570046270478,-0.7272791597428152
1693385330443710208,6,-0.770402517854569,0.4676777253117328
1693385330552117248,6,-0.07705813149633345,0.7169433592778787
1693385330669033984,6,0.728638296667323,0.0575300262418208
1693385330777083392,6,0.1898111908377158,-0.619370828110466
1693385330893758720,6,0.1647005578485401,0.2560088884464027
1693385331002058752,6,0.6791657726668314,0.9276847243654254
1693385331110410752,6,0.11075447410226569,-0.13951176448386393
1693385331218863872,6,0.6123288583588793,0.8453957523951543
1693385331335513344,6,0.21896788803340295,0.8887636671779204
1693385331443707392,6,-0.4778170778480728,-0.2790075756229391
1693385331552222208,6,-0.40331072823475944,-0.48125018632765193
1693385331660493568,6,-0.34548784201519545,-0.2242274102376809
1693385331768976896,6,-0.8307158638167533,-0.5543554285980938
1693385331877525504,6,0.08407951221957899,-0.2580267779818488
1693385331982414592,6,0.7700360149846011,-0.4067531840466141
1693385332100822272,6,-0.6328656496034013,0.6576271415858816
1693385332209238784,6,-0.6848573396684507,0.3414970150718344
1693385332317797888,6,-0.7285362775104425,0.7159505225518499
1693385332426119680,6,-0.6101943953331208,-0.08496140997476753
1693385332542548224,6,-0.6337768097948562,-0.18684506106507381
1693385332650871808,6,0.3120465592709396,-0.96256686298165
1693385332759208704,6,-0.5360186001168834,-0.09847550519994486
1693385332867557120,6,0.1588911327076734,0.008869390807323185
1693385332984227072,6,0.38629286996717993,0.6019924977128615
1693385333092533248,6,-0.2075098785544791,0.6431088081042806
1693385333200799744,6,0.6623902176025569,-0.9346609182332619
1693385333309379072,6,0.5829394594074266,0.9771531663766622
1693385333425842944,6,0.30225021114636297,0.4215112434006689
1693385333525696512,6,0.794372784210269,0.13816173166566248
1693385333649299968,6,-0.4388404431726174,0.5065264788652464
1693385333758048000,6,0.9185265906173443,-0.6940187232774353
1693385333865924096,6,0.6094353445443301,-0.8206588380540438
1693385333974552832,6,0.325328349654062,-0.02540890219577907
1693385334091002624,6,0.7785371435589548,-0.8711774130789012
1693385334191385088,6,-0.47300807851070714,0.9870939856401066
1693385334308166912,6,-0.3958038507723911,0.682944779374256
1693385334416513280,6,-0.8831092990165093,-0.5432382146036401
1693385334524927488,6,0.5878784327413891,0.6694303656609755
1693385334633280512,6,0.8944983638365815,-0.673260954588845
1693385334741629696,6,0.6301334732634505,0.2190039000558861
1693385334858090240,6,-0.4393381562512473,-0.21831310781329205
1693385334966457088,6,-0.6376519434384156,0.5032129039879751
1693385335074824192,6,0.45966543066711174,0.5077833968740935
1693385335183595008,6,0.517551946036265,-0.6020593464219295
1693385335299849216,6,-0.7330468666506715,0.9880325668054522
1693385335408357376,6,0.24721696664702675,-0.5324537603658546
1693385335516526848,6,-0.7274156508409721,-0.7311159025104486
1693385335633218304,6,-0.19745466748450857,0.9830130205721725
1693385335741814016,6,-0.5689475207863575,0.7556294353300455
1693385335850116608,6,-0.5405563559835171,-0.5610808253695285
1693385335966592256,6,-0.49272222208542416,-0.06310794590453495
1693385336074841600,6,-0.8645583728840467,0.3845160174795348
1693385336183229440,6,0.3406550422445489,-0.14444743419716954
1693385336291571456,6,-0.08741150252222885,0.8656293573347491
1693385336408158464,6,-0.9785876655945245,0.7118055586050176
1693385336516440832,6,-0.7160110954060299,-0.043223759387843286
1693385336625473024,6,0.21992230932971024,0.5018075229798362
1693385336733307904,6,-0.36962259934658626,0.7972900084911703
1693385336849911552,6,-0.886668932831872,-0.44401197669275194
1693385336958288384,6,-0.2596097855179105,-0.8878999191784576
1693385337066604800,6,0.8831242606567071,-0.6539168818259957
1693385337183294464,6,-0.5383393058968169,0.16344241136504123
1693385337291602176,6,0.5391649493324029,0.6321294678395426
1693385337399959296,6,-0.6587453598530919,-0.9419132289769527
1693385337508346112,6,-0.45829353158565067,0.8357996039205988
1693385337616518400,6,0.5848075171084699,-0.9066665749690563
1693385337725037824,6,0.08036752486236542,-0.08309467035380957
1693385337841708288,6,0.8930960293442822,0.5991098371375749
1693385337950008064,6,0.6189988514989448,0.5943265408188361
1693385338058716160,6,0.8345426584865545,-0.9672289626171147
1693385338175032576,6,-0.09156223062128843,-0.6739114678261902
1693385338283371520,6,-0.6731868287635239,0.59413737255935
1693385338391768064,6,-0.41465184014858036,0.7621600832536799
1693385338508281088,6,-0.88302061797162,0.628648413399965
1693385338616602112,6,0.444424680077838,0.8325836484331708
1693385338733577216,6,-0.48211299388775464,0.7661956481108745
1693385338841792512,6,-0.07486010000635224,0.5523758226400826
1693385338950099712,6,-0.7968194211766566,0.8346885513706066
1693385339058527488,6,0.2843862270722135,0.38196764134157046
1693385339167020032,6,-0.3577701475495061,-0.4790997890543942
1693385339283676672,6,-0.7882583048597189,0.5733194773257471
1693385339391893504,6,0.2014404227691171,0.7245310423206794
1693385339508765440,6,0.8513186166243203,-0.8999071212661662
1693385339616873472,6,-0.2804784828451461,0.08324797790333616
1693385339725267968,6,0.07364587295647196,0.8409963911877012
1693385339833623808,6,-0.6918276728895338,0.3552765171104808
1693385339944627200,6,0.2578446142127804,-0.3210432007046158
1693385340057068800,6,0.7444196929206555,-0.8718219819683029
1693385340166642176,6,-0.6888963234922605,0.19759440481816593
1693385340283408640,6,0.605328901943347,0.16986655864031763
1693385340391614976,6,0.37618518387141986,-0.22944522806699696
1693385340499794432,6,0.5164989014532637,-0.4365051580576369
1693385340616693504,6,-0.49055507905992735,0.014266471932933955
1693385340725129216,6,0.47899519126762247,0.894308630338392
1693385340834823680,6,-0.029064428074601745,0.2544021038357389
1693385340943873024,6,-0.09726097325379524,0.5388419470263806
1693385341054661120,6,-0.8473817140694089,-0.6273862704674948
1693385341167598080,6,-0.7400185453215788,-0.8280946466427086
1693385341276857344,6,-0.9057074469443291,0.06183170464470389
1693385341387910400,6,0.9320205228554119,-0.9160727376385602
1693385341497524224,6,0.393778150478834,0.9650404257828
1693385341610228224,6,0.10559783005608092,0.6146848338576136
1693385341721977600,6,0.4854945631949714,-0.9000067611096856
1693385341837283584,6,0.8326615674921183,0.951995937508457
1693385341941199872,6,-0.8521321795222969,0.7101154930812679
1693385342053972480,6,0.7259077254590267,-0.03053748173493087
1693385342168722176,6,0.38717190975030746,0.5958754961085246
1693385342275692800,6,0.8650648031463515,0.19652846680656944
1693385342388759552,6,-0.29495644415067135,0.17551390784419185
1693385342504894720,6,0.2388527187295335,-0.496361692332552
1693385342610863104,6,-0.29008070859010826,0.19635524330048892
1693385342728056832,6,0.4704373014829981,0.7947997713732435
1693385342828547072,6,-0.781216062694911,-0.7959526751538593
1693385342944943360,6,-0.6489942201658343,0.8106320722733436
1693385343053974528,6,0.8906928954692248,0.4968765862960689
1693385343161925120,6,-0.5004533198429342,0.11511262438302494
1693385343278879744,6,-0.6364241963095998,-0.9570719694984473
1693385343386753792,6,0.7143100245186891,-0.7006929644295281
1693385343494776576,6,-0.7740262541818548,-0.6477048638927316
1693385343610300416,6,0.35825440765176286,0.37019842581315143
1693385343720047104,6,-0.478653839363119,0.7581401414580491
1693385343829934848,6,-0.23499971851710422,0.9162280439191703
1693385343942031872,6,0.8175432562127518,0.48007581734568716
1693385344051018752,6,-0.9969845460004201,0.07915693247994726
1693385344167680768,6,-0.608995971048524,0.9523239476963397
1693385344276924160,6,-0.4111447140270186,-0.11436276320801553
1693385344386033152,6,0.8096871351229231,-0.9629566326032095
1693385344495354624,6,0.004406703123715827,0.03712987153374758
1693385344611091968,6,0.017149144399468685,0.16022121790719956
1693385344721282304,6,-0.3388127533831662,-0.458075754871593
1693385344829453824,6,-0.9583808808857279,-0.6675797848355116
1693385344939412224,6,0.7203628029553744,0.22769933466786973
1693385345046715904,6,-0.24495368054575883,0.01497368044189673
1693385345156478720,6,-0.3012782622669423,0.2241548711968766
1693385345266080512,6,0.7499119388047129,-0.621067020475524
1693385345376978944,6,0.3637420005827403,-0.006329607108553459
1693385345494715136,6,0.24782809171066877,0.8075474974760313
1693385345603305472,6,-0.20547809560390307,0.2693216749717686
1693385345712512000,6,-0.5815938538319123,0.8952572923548243
1693385345830020096,6,0.19546532245100878,-0.3669351873678739
1693385345932552704,6,-0.5336570848821482,-0.63002694469168
1693385346050580992,6,0.8425638004840632,-0.05166939915855573
1693385346152843776,6,0.5895808066501669,-0.6799640519611758
1693385346270568704,6,-0.28261455048264983,-0.6927780804405084
1693385346382291712,6,-0.16327828048835102,0.7716445088292281
1693385346491243264,6,-0.30142063583825607,-0.832570088777544
1693385346600048640,6,0.619042420455612,-0.7323575462732173
1693385346708556800,6,0.3082396592033718,0.14540923722278687
1693385346826955008,6,0.8548928969750986,-0.6981812478225058
1693385346936743168,6,-0.42832493607661704,-0.8573282610985591
1693385347043973376,6,0.848121104608258,0.9101004887958921
1693385347153028352,6,0.5372098596470463,-0.5632673942738546
1693385347260861184,6,-0.6967304707853141,-0.3645077747731711
1693385347378547968,6,0.514901677740224,0.4022628453607209
1693385347486729728,6,-0.19555361222339607,-0.1282167100256124
1693385347595700736,6,-0.0734552939478299,0.4404031010324361
1693385347712564480,6,-0.6916613482571752,-0.18278890591322683
1693385347820271104,6,0.6533362809184637,0.4454397305348361
1693385347935760128,6,0.3281606102577679,0.9079107072932331
1693385348044060416,6,-0.9145092005809479,-0.246033577978644
1693385348152456448,6,-0.3295510014408034,-0.48158211077001134
1693385348260889344,6,0.02874411682885647,0.2926142613414404
1693385348369645824,6,0.10244967549506478,-0.8058079154114164
1693385348487172608,6,-0.5904745649717547,-0.7860617008352981
1693385348596922368,6,0.3094025632487203,0.520566237737734
1693385348705613824,6,-0.919105007594684,-0.4547772918060926
1693385348814990848,6,0.06886538642149631,0.7019829038448562
1693385348932442368,6,0.4087449588706966,-0.6859321584666918
1693385349042320384,6,0.6378440952653617,-0.8325840804460614
1693385349150896896,6,0.7010074578499794,-0.8112775690889835
1693385349260494080,6,0.6576713796391451,0.5642219346205806
1693385349369147904,6,-0.25577360765362855,-0.40785495174882125
1693385349478767872,6,0.3254925595476703,0.7668715583183277
1693385349587349504,6,0.42245759624972146,0.07665281226714993
1693385349697967616,6,0.7394604002749952,0.08687973644072366
1693385349807169792,6,0.07157092540716414,0.9828678876379637
1693385349916766720,6,-0.4040914938803093,-0.983127801060957
1693385350026676992,6,0.5271518317289521,-0.7805294464403645
1693385350135095296,6,-0.34656676259422503,0.11254403795650192
1693385350253973248,6,-0.8830247165342657,-0.3813922257896989
1693385350363173376,6,-0.3888105936337025,-0.7328695679132393
1693385350473788928,6,0.6736403357046743,-0.9980800145480002
1693385350582784256,6,0.5892249254624118,-0.6446772728857808
1693385350694037760,6,0.8561372980844395,0.8311325599616455
1693385350803399424,6,-0.0043439650201178015,0.27656189388658703
1693385350915003648,6,-0.03911691539657203,0.6638166057121511
1693385351024114176,6,0.041561951149884147,0.5518767645470641
1693385351142519296,6,0.9195254502850292,0.2756117642183096
1693385351250174464,6,-0.43646204552454404,0.7404325663938489
1693385351359344896,6,0.49786866174328637,0.5501415840589372
1693385351469586432,6,-0.7624960899979869,-0.12931117826371685
1693385351578192640,6,-0.7413976458056044,-0.40761140497767934
1693385351697052416,6,-0.6394148005277953,0.22103001387282228
1693385351804932608,6,0.42971803143861864,-0.12776257382834988
1693385351915634688,6,-0.7103388580822099,-0.8497925669952044
1693385352024603392,6,-0.6339565363957325,-0.38872345253561424
1693385352135512320,6,-0.8720723085780124,-0.43135578687347254
1693385352244574976,6,0.2234684713622277,0.06379507805344686
1693385352354403584,6,0.5916753705230391,-0.7744642007141636
1693385352463727616,6,0.46547784634824896,0.8753218130928262
1693385352574206208,6,0.8340731543298738,0.13670391995438336
1693385352683777792,6,0.7237446412446771,0.7316821979271866
1693385352802024192,6,-0.8199047972104039,0.7254017087071736
1693385352912869632,6,-0.1069729901339973,0.650764700179568
1693385353022892544,6,-0.18749745803881424,0.21882072976323141
1693385353134049792,6,0.9535284580732324,-0.44462983942974654
1693385353243424768,6,0.3813093830175094,-0.8069298468278694
1693385353353706240,6,-0.6782327068792693,0.3966179370755327
1693385353464393216,6,-0.778212670455041,0.09910549253079881
1693385353574747136,6,-0.88597388238698,0.7503667687176314
1693385353684619776,6,-0.15550332650808496,-0.9581264594569734
1693385353794325504,6,0.37637778736838756,-0.6638169928456787
1693385353904802304,6,-0.9957381030561334,-0.9892347105169965
1693385354016633088,6,0.8724923908220004,0.49599148573418916
1693385354126117632,6,0.07848273719341381,-0.613216421842995
1693385354243585024,6,-0.207940665058016,0.7459363504702026
1693385354353571328,6,-0.9923023086523195,0.26361660728474323
1693385354461429504,6,-0.3467250792739822,-0.6410791386641146
1693385354571179008,6,-0.5114564167515052,0.058920322345859644
1693385354678535424,6,-0.5301133759344623,0.4195687473105041
1693385354796722688,6,0.87063511245367,0.10630145205724917
1693385354906059776,6,-0.6763223569854375,-0.16414030131025203
1693385355014558720,6,0.6206334325066871,-0.6581678143145926
1693385355131356160,6,0.5567068243705515,0.5346127392569884
1693385355240475136,6,-0.8751044711524056,-0.09779627027947346
1693385355348629760,6,0.06796374466279853,-0.1356089090702819
1693385355459968512,6,0.6452699073760007,0.5125730251691896
1693385355569049600,6,0.8671247697482349,0.7155891392698648
1693385355677958912,6,-0.6453791880035933,0.11162000884031409
1693385355796191744,6,0.7790707827629018,0.7640282641661269
1693385355905969920,6,0.003203326603975487,0.7859136668647009
1693385356015203328,6,0.3463498918653096,0.7655279034337186
1693385356125184768,6,-0.5923067299352565,0.6291147244520809
1693385356234804480,6,-0.1849819138627009,0.4939676535621551
1693385356344335872,6,0.01131636405322678,0.2699994759864317
1693385356455779328,6,0.7665456478462509,0.9269501498688908
1693385356565789696,6,0.826101911236722,0.500085068153612
1693385356676939520,6,0.5359272718800672,-0.6459337413661272
1693385356785663232,6,-0.09024840437241122,-0.5043356800965453
1693385356903913216,6,0.10429995215986354,0.930264484539203
1693385357013776384,6,-0.7826796769973565,0.9462949942705867
1693385357123894784,6,-0.6202561683199923,0.32764802136781035
1693385357233182208,6,0.5822038822896969,-0.5977498307813864
1693385357340515328,6,-0.5487823379502259,0.2175475977712058
1693385357458947840,6,-0.8017012972678708,0.0811285205058554
1693385357566768128,6,0.01620362298324407,0.941632914897885
1693385357676599808,6,-0.30134476873708516,-0.6263300707774371
1693385357784860416,6,0.4743462443364652,0.45664581442085384
1693385357898055680,6,-0.8733986239380394,-0.046258563915389406
1693385358007549440,6,0.41649414506398985,0.5285076906723258
1693385358117978624,6,0.8819490775513235,-0.9604303031256705
1693385358226702592,6,0.9053351714559352,-0.03544303040194019
1693385358337902080,6,-0.22871450938326254,0.3012852377213351
1693385358448695808,6,-0.1550161278915756,0.25829933171498265
1693385358567370496,6,-0.2595318581831192,0.16400234650147172
1693385358677848320,6,-0.9874521101295344,0.7977079143275674
1693385358786332416,6,0.07645253125796714,-0.7990976891472847
1693385358896562944,6,0.30837838073400636,-0.46719792116638614
1693385359006862592,6,0.5406490575531178,0.24233982156866274
1693385359115624192,6,-0.06582223464997417,-0.1108106381219256
1693385359224878080,6,-0.1804968846324253,-0.07871137681274298
1693385359334463744,6,0.006335954290532353,-0.7786620057770122
1693385359452859648,6,0.9398739724370959,-0.16200149685806942
1693385359562524416,6,0.7064575930422694,0.28650300572737764
1693385359671446784,6,0.08203556675879797,-0.4021828420468643
1693385359781405440,6,0.32148230817137,-0.6436098406549657
1693385359899356160,6,0.351113870987837,0.9813515054611932
1693385360000745472,6,0.6438172866684844,-0.6986494108811736
1693385360111916032,6,-0.21842152808799775,-0.2627210960398443
1693385360220106496,6,0.906682056516041,-0.20149245062669263
1693385360329745920,6,-0.23105557614983074,-0.6583701430017419
1693385360439646208,6,0.7397552185341993,0.14949229105462103
1693385360549364480,6,-0.8115984180813163,-0.3526544355121648
1693385360666458880,6,-0.5917199655168073,0.233485318828073
1693385360775609344,6,0.1863532299623547,0.7822182618442788
1693385360882648320,6,-0.6749847033108982,-0.34769941533333526
1693385360993822208,6,0.20468794215960373,0.3423249488347069
1693385361102742016,6,0.256549159235685,-0.9819350724816878
1693385361212936704,6,-0.1113247016344352,-0.4042769538373585
1693385361322759680,6,-0.7269926282863086,0.7233063520167733
1693385361432900864,6,-0.9550503724060684,-0.4637658502548698
1693385361552642304,6,-0.04964096631527881,0.5296643617353223
1693385361661775360,6,-0.17598853374941115,0.18053133768532792
1693385361762223616,6,0.9940317467527509,-0.8741417264272298
1693385361873104384,6,-0.12425448635080016,0.23747178012665016
1693385361984780032,6,-0.031137570417021587,0.1248717308617715
1693385362102169344,6,0.10649159225593308,0.19057799067026848
1693385362203057920,6,-0.38601294627783234,0.3594313338105457
1693385362320865024,6,-0.49017979861572436,-0.2961133318307412
1693385362430688512,6,0.23561386541438423,0.14195715314487556
1693385362541288704,6,-0.18874379581511613,-0.8494640595673275
1693385362654252800,6,0.01811787774475282,0.6054554076233889
1693385362762781440,6,0.6039653197537116,0.6939597770909811
1693385362871488512,6,-0.7749108759916801,-0.07591333623928032
1693385362981177344,6,-0.42204948009706,-0.08332890988904929
1693385363089910272,6,0.8874477837966941,-0.31327463379118026
1693385363199322624,6,-0.20266400675362162,0.16304994428805708
1693385363311321088,6,0.6168545265975292,-0.7863643169814125
1693385363421752576,6,-0.238358716771494,0.5528114674133044
1693385363530799360,6,0.06740838330916121,-0.46955780252790813
1693385363641284352,6,-0.36792580768650307,0.584670478178978
1693385363749775872,6,-0.6666694184708397,0.2800194697792777
1693385363859130112,6,0.6124070792570482,0.7516765595959538
1693385363976421888,6,-0.34666596405427796,-0.6581972968836491
1693385364077691904,6,0.6713885350172182,0.9731703405290697
1693385364186734336,6,-0.6719472050894562,-0.7209180152240473
1693385364298160640,6,-0.08263814391069846,-0.20658476054348407
1693385364405857792,6,-0.42024402986650267,0.20365862401920265
1693385364520286208,6,-0.8775869009185109,0.6797345659787088
1693385364628654592,6,-0.6417170126652783,0.06928257396167248
1693385364738155776,6,-0.4946746623729281,0.040166916018346654
1693385364849588224,6,0.5403448823308874,-0.9989104635077424
1693385364957598208,6,0.7545196494404072,0.1462687932781055
1693385365067602944,6,-0.6200922150174675,0.3314507872536463
1693385365177608192,6,-0.9177019844967125,-0.035064782125931115
1693385365286669568,6,0.33351458333139883,0.0817142062047902
1693385365395604736,6,-0.5260776189140326,0.19000878538032384
1693385365513985280,6,-0.05254636314643202,0.6668151148350601
1693385365623027200,6,0.48702566317980667,-0.7880273825923769
1693385365732561920,6,-0.30473403012761424,0.9684959928019896
1693385365849099008,6,-0.5268751976703274,-0.7012453537366639
1693385365957451776,6,0.9202626861196486,0.5766055788182913
1693385366067691008,6,0.8303971441496216,-0.9055134057904501
1693385366175556608,6,-0.5742918693136534,0.35931408919264984
1693385366293742080,6,0.44040769920315337,0.5195445817533904
1693385366393049344,6,-0.19340588000681236,0.1843477470964867
1693385366510451200,6,0.7388775166653734,0.1928804420812571
1693385366618513152,6,0.2900986254707836,-0.9654252095347575
1693385366728843008,6,0.9364818774210746,-0.2851272167652463
1693385366846810368,6,-0.41443231557173443,0.11591630072979964
1693385366956632576,6,0.5345082367261238,-0.6168362077255842
1693385367066522112,6,-0.1234501603432312,0.08272461093912176
1693385367175176704,6,0.6893414690673745,0.9810548617570058
1693385367284627200,6,-0.13601359056196372,0.13896444517055606
1693385367395137280,6,0.005307223814279061,-0.04029525944619472
1693385367504971008,6,0.44202674794593744,-0.9609886459465669
1693385367616294144,6,-0.7633696864423232,-0.05579182264215543
1693385367726358016,6,-0.1711092162402441,0.2854781121558825
1693385367843904000,6,-0.9301610584373772,-0.7740028406527135
1693385367955301376,6,0.5002404630786912,-0.14454641383348066
1693385368065953280,6,0.7771111978282352,-0.7542495124398851
1693385368167244288,6,-0.5381476093622548,0.837867979640162
1693385368275733504,6,-0.39396780804255727,0.9378578849444539
1693385368385800704,6,-0.7369465887330029,0.19061201718661902
1693385368494605568,6,-0.9134682805330359,-0.032104070868212986
1693385368612808448,6,0.3305303058466924,0.9093842867305795
1693385368720080128,6,0.11725218448619379,0.8582512498031447
1693385368831022592,6,0.6370004105053237,-0.25154950969167533
1693385368937935872,6,-0.39823304206135113,-0.9227612707342236
1693385369047316480,6,-0.716473239848056,0.556237520665616
1693385369155398912,6,-0.7663416963278165,0.8203223845987466
1693385369264857600,6,0.22256366308564712,-0.12762408148880766
1693385369382225152,6,-0.04462641273547696,-0.369147242122309
1693385369491525888,6,-0.1490595822316647,-0.643479135867405
1693385369599967488,6,0.8778814204798397,-0.6383999269472931
1693385369708267008,6,0.2179768235670685,-0.336429562629583
1693385369817475328,6,-0.5690902928729336,0.2704045422005099
1693385369933911552,6,0.31981303237222436,-0.1208463491033287
1693385370043656704,6,-0.9412008783426913,-0.0021921201452139716
1693385370152107776,6,-0.03919936864425888,-0.22240472877660422
1693385370261530368,6,0.08236770761867906,0.3694685963610911
1693385370369872896,6,-0.3486393932645706,0.19457544718440367
1693385370480167936,6,0.2015645420115202,-0.34748482449766316
1693385370597363712,6,-0.8072221897825129,0.6481789621380143
1693385370707675648,6,-0.5364794800523289,-0.5495516611257223
1693385370816435712,6,-0.9877867178753181,0.6608733994042226
1693385370933495296,6,0.938898312109409,-0.4250602821556191
1693385371043124224,6,0.4573083124711834,-0.5636772796269152
1693385371151068416,6,-0.6675517156494144,0.6577989438452236
1693385371261089792,6,0.7989416360248929,-0.8872867971163347
1693385371368424192,6,0.4820446409156449,-0.21122710216453977
1693385371487153408,6,0.31682406641296845,0.8930097086936917
1693385371594238976,6,0.8610365520256988,-0.8640210788056895
1693385371704730624,6,0.43426230220694384,-0.05539714937167539
1693385371807906816,6,0.846271422189488,0.28018501614311897
1693385371926803200,6,0.2666146601723216,-0.07337113477806034
1693385372036124672,6,-0.6858941253185469,0.5448017905756821
1693385372146531584,6,0.07214341525045098,0.09115561442831743
1693385372254563328,6,-0.5072384533660785,-0.3069898999380314
1693385372365792512,6,-0.3580299658720867,0.3502135324661271
1693385372475933696,6,0.10828769690877205,-0.658061620877018
1693385372585965312,6,0.1689118693559375,-0.3894523207796936
1693385372696281088,6,0.3625356978431067,-0.3074493238338367
1693385372805252352,6,0.425605309891959,-0.3747443690686949
1693385372924091136,6,-0.18783956593787443,0.9549967274421018
1693385373032671232,6,-0.3446165250352988,-0.2635132131733331
1693385373143074816,6,-0.8319332085754474,-0.8668797753045094
1693385373252413952,6,-0.3280235094392756,-0.8955491255358905
1693385373362869760,6,0.7033589577187906,-0.9056727832068086
1693385373471988480,6,-0.38297235072722535,-0.8145077190052517
1693385373582230528,6,-0.10352628746467807,-0.3854873736315221
1693385373691336448,6,-0.05676814570544564,0.5293715352732162
1693385373801165312,6,0.2772571476522674,-0.28675598245296996
1693385373911408128,6,-0.7177078530555501,-0.12327918598286769
1693385374030273024,6,0.05784879225194639,0.4866998024757925
1693385374133070336,6,0.46449734711343926,-0.7757300312330302
1693385374252660992,6,0.5789414322987863,-0.07751180054124474
1693385374362136320,6,-0.28718576460211054,-0.39943948831665765
1693385374472780288,6,0.6115553078052742,0.14215213745031252
1693385374583828736,6,-0.6011224052316329,-0.4212300800173674
1693385374694958592,6,0.8026040286277916,-0.5936509365343001
1693385374808109824,6,-0.33325992179858677,-0.023339219234211672
1693385374917093120,6,0.0686311875326211,-0.555508923601572
1693385375026727936,6,-0.7503764699421653,-0.5644535210537123
1693385375135812352,6,-0.833708228560583,0.5750306109882544
1693385375245551104,6,0.37676167787669956,-0.5207081463113683
1693385375355109632,6,0.2886194962436799,0.8368883371483589
1693385375466384640,6,0.9608060744735571,-0.14575196897478282
1693385375576749568,6,-0.9251308662745379,-0.05113146445114025
1693385375685560576,6,0.06989578738248992,-0.6498348442899429
1693385375795760640,6,0.8272173785688934,-0.8633652425911074
1693385375907183360,6,0.5888077791644377,-0.040161959181650664
1693385376017200384,6,-0.0495643288448564,-0.9807146447115986
1693385376127484416,6,0.6544198476501097,-0.13041013205119256
1693385376238294784,6,-0.36806060844255684,-0.8748102439424257
1693385376347698688,6,-0.6369214486743937,-0.10965931875244528
1693385376460565760,6,-0.3885408728034243,-0.34657053900164025
1693385376570650368,6,0.32178765852312563,0.8531643499052168
1693385376681780480,6,0.45787708798685944,-0.03473815601814101
1693385376791015424,6,0.6115540084875959,0.02371575012806848
1693385376900200192,6,-0.7969456685798757,0.12905011867697525
1693385377010203904,6,-0.7852401382291252,-0.15028843752206766
1693385377120391936,6,-0.043267649591095525,-0.4149252730724764
1693385377238914304,6,0.7387130615341055,-0.006871952300931072
1693385377348844288,6,0.4704413336394848,-0.114613834883172
1693385377457961984,6,-0.24220019678003557,-0.6748294444011174
1693385377566832128,6,0.6181443392856492,0.17770066756222302
1693385377678530816,6,-0.8693911882201295,-0.37921672724956434
1693385377787557120,6,-0.5801997063512709,-0.20789244567525822
1693385377897307136,6,0.1753215432852686,0.15118351961601562
1693385378014623232,6,0.7773176189671545,0.2582099705020602
1693385378125313792,6,-0.13997675088058248,0.9433375732009885
1693385378234129408,6,-0.3170898995897431,0.21918276827844863
1693385378344484608,6,0.15023113170023605,0.5805932287721802
1693385378454318592,6,0.37898746187882426,-0.7756689332690208
1693385378573081856,6,0.06453196101750991,0.10820717126554724
1693385378683183104,6,-0.04061887818761134,0.15487888480666112
1693385378792924672,6,0.06258343019963553,-0.5320949132344082
1693385378904077312,6,0.8622474325263221,0.4177404841837382
1693385379012463104,6,-0.6725483373522809,0.4085434836891946
1693385379123968768,6,0.08060515812711366,-0.18080249930067183
1693385379242367488,6,0.04413444236679931,0.8092042101545607
1693385379344503808,6,-0.6595976255751983,-0.41038190737571667
1693385379454339584,6,-0.44612929618176,0.8757660167604651
1693385379564557312,6,0.5529579746231854,-0.40491839320580403
1693385379674692096,6,0.5021651527160862,0.801888016452976
1693385379785404672,6,0.33998388968515614,0.44839429047437274
1693385379903073792,6,0.1656778510020993,-0.12391915663038855
1693385380014083072,6,0.12208001182732953,0.7536834235628731
1693385380125421824,6,0.6477704312671768,0.7796658797603591
1693385380234791424,6,-0.34281316943303586,0.41995751218519595
1693385380345392896,6,-0.30294104286680046,0.0397985745432734
1693385380454240512,6,0.8908957171188701,0.48379451202097346
1693385380564114944,6,0.6851740418722594,-0.8973157379157826
1693385380674972928,6,-0.713081552513583,-0.1177852340758978
1693385380785123584,6,0.16761397514880838,0.46225615648646845
1693385380902310656,6,0.21840542048712308,0.7943880507733612
1693385381012098816,6,0.6914566998362552,0.6771832864579361
1693385381120644864,6,0.640003370309755,-0.40152054237103063
1693385381229782272,6,0.08089581411378721,0.27859550131016797
1693385381338042368,6,0.8146078267675503,-0.09629357012042883
1693385381447718400,6,-0.8361014207881377,-0.9712225805784724
1693385381564852736,6,-0.3436676002947576,0.16119899644137758
1693385381674480896,6,-0.40150259560489543,0.9309725055499691
1693385381783017472,6,0.8508810747970859,0.6217703684997786
1693385381891419648,6,0.5798151234667879,0.5896100688869481
1693385382009906944,6,-0.5877786364338689,-0.007320511928954332
1693385382117840896,6,0.7476972663384074,0.04614457480481016
1693385382227213312,6,-0.21756278005178942,0.04674013115184228
1693385382335718144,6,-0.8339996459748567,0.4522389056926637
1693385382451973888,6,0.2763906423700586,-0.5801599096035495
1693385382559968256,6,0.005554979171142005,0.5039710020187111
1693385382672286208,6,0.6978425612505683,-0.7718461189365282
1693385382778987776,6,-0.8361679378431701,-0.5084766207671971
1693385382898251520,6,0.9721429941928392,-0.016631784524140603
1693385383006794496,6,0.07754117369333446,-0.4497955151608588
1693385383115818752,6,0.8328711887681388,0.15287548320526634
1693385383224544768,6,0.7750159326354589,-0.9546721616702007
1693385383340591104,6,0.5898536386667956,0.3133823412197809
1693385383448945664,6,0.732932671398981,0.6874200809022095
1693385383556510464,6,0.1457173024158931,0.6918463135797375
1693385383665418240,6,0.6667890266383609,-0.10941021937116502
1693385383772841728,6,0.15418438683441393,-0.25918694860305047
1693385383881443072,6,-0.7043860769231021,0.7228861216489291
1693385383997111296,6,0.849223336919523,0.17040223192760107
1693385384106222592,6,-0.5579776790274287,0.5786372776876214
1693385384223228416,6,-0.8211394603847844,0.658117825642123
1693385384331475200,6,-0.3738380559606327,0.009185128487065874
1693385384439138560,6,0.5017159584264088,0.5090883332775882
1693385384547031808,6,-0.07064110098503829,0.49800451117588174
1693385384657808384,6,0.5376044040342347,0.3378719138863222
1693385384766332928,6,-0.6096822600582761,0.3466690986538501
1693385384883525632,6,-0.9600496180932403,0.4888264107933322
1693385384991526912,6,-0.7562789235163738,-0.5177377643098713
1693385385099607552,6,0.16898605346411788,-0.9791295342353019
1693385385217295616,6,0.9170518943317085,0.0652765203364225
1693385385326387968,6,0.7056625570879167,0.9695177446948076
1693385385434493184,6,-0.3852524588346318,0.29263661602347435
1693385385543174144,6,-0.36970176771936214,-0.7574748360611603
1693385385651163648,6,0.44701389113950585,-0.915474927813295
1693385385768384768,6,-0.8818583832668596,0.062237580539138415
1693385385876170496,6,0.652703561410479,0.5952021941701222
1693385385984409600,6,0.7111705169422697,0.4343577194663426
1693385386100906496,6,-0.9145670043914458,-0.34451945035164755
1693385386202261504,6,0.7586392184440642,-0.4013262806508331
1693385386319645440,6,0.42926729412434295,-0.5868318468263609
1693385386428758272,6,-0.8606424047682157,-0.31349794666966546
1693385386535088384,6,0.3943199931841308,0.5740355928380731
1693385386644279808,6,-0.007621300136423592,-0.24177070323339112
1693385386752497664,6,-0.1958860287091002,0.8300252175311862
1693385386870554880,6,-0.8422682103956796,0.3804142378073774
1693385386979305472,6,0.01931400180793519,0.19916770459626942
1693385387087427328,6,0.13669987388470806,-0.5820284135158382
1693385387197381888,6,-0.5160110175836214,0.23736390561392362
1693385387306370048,6,0.4086290151940941,0.25326265892182875
1693385387414683648,6,0.0891053426527546,0.9508554767640698
1693385387531505920,6,0.9531443827044328,0.6831083144395595
1693385387640533504,6,-0.13959638639766614,-0.26656389783517853
1693385387749211136,6,0.9112527562960799,-0.09927447638423548
1693385387858373120,6,-0.5073794858761398,0.30132304630148776
1693385387966467840,6,0.7215483544146117,0.6408227142032021
1693385388075449344,6,-0.5211824240567808,-0.025313175199928706
1693385388184048128,6,-0.6281252152164527,-0.3065652878604248
1693385388303278336,6,0.7544414865328395,-0.7974760177756719
1693385388412359680,6,-0.4196453653857213,-0.21422523324908638
1693385388520421120,6,0.3576853366709398,-0.9148253253098633
1693385388629394176,6,-0.7319521481049187,0.016116200551592463
1693385388739310592,6,-0.5200316090652826,-0.02768189934327059
1693385388848560896,6,-0.08612853246669427,0.7105206274749032
1693385388957958400,6,0.08940454713257151,-0.15635158126401216
1693385389067454208,6,0.5314186461293238,-0.24357936665625535
1693385389176103680,6,-0.9906280287636009,0.8282251842226684
1693385389286435584,6,-0.4100294682817285,0.04248002294014097
1693385389402693120,6,-0.2445780216569018,-0.4902251622613558
1693385389511534592,6,-0.8626239923089711,0.4095907611095555
1693385389618507264,6,-0.17558267598534538,-0.9300761536761919
1693385389728921856,6,-0.7903137859187748,0.9983519568527914
1693385389846891520,6,-0.07634562315196369,0.8975793767471583
1693385389955485184,6,0.2692119910067865,-0.5905245790666029
1693385390063773696,6,0.0708264242439327,0.6362705623330693
1693385390173049088,6,0.8380922272743745,-0.18081051367170398
1693385390284032768,6,-0.4687980407051193,0.9506257977084065
1693385390393517056,6,0.9266691226428705,-0.9250531764490997
1693385390502410240,6,0.3385576391252354,0.09372587503824259
1693385390609798656,6,-0.7292621658680596,0.9602584274708212
1693385390721996032,6,-0.9834548791638202,-0.7145801561086418
1693385390831060992,6,-0.1606031476180163,-0.15555864372371286
1693385390941119488,6,0.8672538527431348,0.01822025883737921
1693385391057879296,6,-0.7951028158769442,0.2675200143331744
1693385391167592960,6,0.3528644184855847,-0.09342472082288222
1693385391277154816,6,0.057737093493011926,0.1580232267069328
1693385391387730944,6,0.18395534630102683,0.5884938569577725
1693385391495908608,6,0.8531300130726058,0.15068893748166312
1693385391604200192,6,0.1502654075218406,-0.9101927963139254
1693385391714144256,6,-0.009405785767258257,-0.47974454320710125
1693385391823928832,6,0.5123429277623235,0.8348854580413643
1693385391934837248,5,0.7205341250719453,0.2533923531351987
1693385392043300608,5,0.3841108220795686,-0.992812431310597
1693385392161263872,5,-0.6525991980264603,0.011312626847342244
1693385392271471360,5,0.5270627417891656,-0.4435607651101876
1693385392382240512,5,0.22733218236487374,-0.09131050459652013
1693385392491148288,5,-0.4607551564102059,-0.360197890484351
1693385392601204736,5,0.9218326561243086,-0.7762283406305519
1693385392710876928,5,0.4138237273265344,0.6623163049136496
1693385392821488896,5,0.5338384707071075,0.07527514917577194
1693385392931642624,5,0.7855133034836426,-0.7284304373583452
1693385393041860864,5,-0.01808003897538968,-0.09297449490603737
1693385393152689664,5,0.776531967469245,-0.9574540310829358
1693385393263180800,5,0.9356704566600655,0.6120881967663137
1693385393374197248,5,0.9197110766165055,0.9702386128875335
1693385393484323072,5,0.5776723639020074,0.5151179192028559
1693385393594549504,5,0.6782874439969717,0.6415218602268264
1693385393703772160,5,0.5513193267709506,0.5313332204371675
1693385393814522368,5,-0.9297704219356915,-0.3898662485612776
1693385393932725760,5,-0.5834708274804412,0.00775359213362159
1693385394043741696,5,0.045434905605701514,-0.8699884637108874
1693385394153290240,5,-0.01316466621240342,0.09675342544754262
1693385394256347392,5,-0.1136250696793264,0.4948257857433591
1693385394376358656,5,0.9236011581416321,-0.5551106075600074
1693385394485210880,5,-0.5319271502725922,-0.1905940430765647
1693385394594722304,5,0.5219618748858024,-0.1009857503485001
1693385394704654080,5,0.6588001884679331,-0.8114138210930204
1693385394807439104,5,0.4349202514950743,0.2100857051082905
1693385394916256000,5,0.2453773157767103,-0.7745658316898412
1693385395028314112,5,0.9030278228090198,-0.6139972282551069
