rover_timestamp,sat_timestamp,x_offset_ratio,y_offset_ratio
1693360199300055040,4,0.5099222028842063,-0.42545729250320763
1693360199674185984,4,0.9387242860670821,-0.34920590747302405
1693360199748933632,4,0.32483637966014856,-0.7683616403312321
1693360199887223296,4,-0.07052813535458569,-0.36218809097092075
1693360199995527680,4,-0.7729274131718491,0.3939371615363554
1693360200103898112,4,0.40963760209169764,0.5473635626162803
1693360200212166144,4,-0.0325225317460176,0.6094426194430771
1693360200320557824,4,-0.021651244147736115,-0.17599416245189414
1693360200428916480,4,-0.5302799190735439,-0.41813952821606604
1693360200537223424,4,0.014974805937799207,0.7796212263552598
1693360200645553664,4,0.5656557889134559,-0.8783934777638718
1693360200762242816,4,0.5435973155974152,-0.4767894942315065
1693360200862233088,4,-0.364763283562227,-0.21724321232690613
1693360200970601472,4,-0.11609690747858181,-0.202640976597378
1693360201078916096,4,0.8247374602352584,-0.4633655326738151
1693360201187246848,4,0.4563736948214201,-0.3203168863614472
1693360201303976704,4,0.6370491690282305,-0.382978700881655
1693360201412255744,4,-0.18037691382601806,0.14501139336261115
1693360201520624896,4,-0.6669297138450578,-0.5875983569092751
1693360201628924416,4,0.25057301089637884,0.8957555885353048
1693360201745602560,4,0.22660794274138496,-0.34063164697266624
1693360201853944832,4,0.2099224111403124,-0.9601601667660691
1693360201962265344,4,0.4444574418830527,0.6048257556436676
1693360202070603520,4,-0.8194945785338652,0.40946104129088035
1693360202178934784,4,0.8244571291312668,0.5336841011943361
1693360202295617792,4,0.10578838085330688,0.3098631657543063
1693360202403948800,4,0.03729799703454062,-0.2758044967729947
1693360202512272896,4,-0.6031203719196128,-0.6860141778268063
1693360202620647936,4,0.07139762335309796,0.7194456714066937
1693360202729010688,4,-0.5413310633571822,0.6025707894772911
1693360202837296128,4,0.8213075604122868,-0.3369957743079175
1693360202953966080,4,-0.568769804344309,0.46666869891738494
1693360203062312192,4,0.8800275923854244,-0.927850055016846
1693360203170661120,4,-0.9599432534706325,0.8807103861355092
1693360203278962944,4,-0.794958539284776,-0.20412518394971713
1693360203387308800,4,-0.030200108255667102,-0.6861089872853501
1693360203503982080,4,-0.3970671292507,-0.5399895216292814
1693360203612303616,4,0.5448232693682615,-0.5053825224373041
1693360203720657920,4,-0.45508350804574205,-0.7527143387050057
1693360203829011456,4,0.5681072231807818,0.3105519175641378
1693360203937329408,4,-0.7376136210814732,0.4810514729711657
1693360204045650688,4,-0.4600026777091073,-0.8301667410652775
1693360204154012416,4,-0.8522195144815794,0.4442257389946167
1693360204262316544,4,0.5247719844078842,-0.1692399528599653
1693360204370720256,4,-0.9705164321861868,0.6605030378952317
1693360204478975488,4,0.2097437220659042,-0.6963048861092827
1693360204587368960,4,0.4717467961936561,0.5852400122750385
1693360204695687424,4,-0.6114318395931764,0.21138316183243777
1693360204812403968,4,-0.37562059186739094,-0.35254653654765034
1693360204920685312,4,0.024711262337615336,-0.9531360968626443
1693360205029008384,4,-0.4519005200429911,-0.5946666136431811
1693360205137397504,4,-0.47146008954551255,0.3121014174252923
1693360205245676800,4,-0.0571992937239898,-0.4175226922402595
1693360205354014976,4,-0.813875209953592,0.9337726593960927
1693360205470667264,4,0.12199251768824304,-0.03330096178616615
1693360205579023616,4,0.8153315142226139,0.0664078072695955
1693360205687374336,4,-0.5107719245194147,-0.9655749351806351
1693360205795668224,4,-0.005930219180025897,-0.2127096362194809
1693360205912334848,4,-0.2545246666267458,0.09316283039120932
1693360206020915712,4,-0.7833914093334922,-0.5518782797771771
1693360206129025792,4,0.9503811899556498,-0.20530276341429676
1693360206237392896,4,-0.5357689045803953,-0.2603567469595922
1693360206345684224,4,0.12630653543693482,0.2856371300013336
1693360206454211584,4,-0.3351290502582305,0.6193615739034686
1693360206562370816,4,0.9516348553245446,-0.8092219298946051
1693360206670862080,4,-0.6614885746288031,0.729655428858001
1693360206779023360,4,-0.020377075770355413,-0.500061883272398
1693360206895699968,4,-0.7173388689280291,0.23297694084153164
1693360207004027648,4,-0.05297068471602118,0.44606482743695386
1693360207112379136,4,0.13327841103943583,-0.5351404836932876
1693360207220723200,4,0.5348169579121134,-0.495952302040777
1693360207329041920,4,-0.3770900854392183,-0.3242630387198415
1693360207437373696,4,-0.6987760508580549,-0.35711403654519325
1693360207545732096,4,0.13062472043529283,-0.186931433209361
1693360207662459392,4,-0.9888564606287347,0.3807946772757793
1693360207770744320,4,0.5100758606554492,0.5893915815461708
1693360207879062528,4,0.09117747097932494,-0.37396764815635564
1693360207987430912,4,0.30401724928229057,-0.35632408467870924
1693360208095770112,4,0.4177363437860657,0.028862231296408636
1693360208212409088,4,0.7173058202815799,0.9855107178251343
1693360208320822272,4,-0.8371313822086097,-0.7899122472747859
1693360208429081856,4,0.39851112779236497,-0.2486278991806139
1693360208537451520,4,0.513773411715396,-0.6758137714871912
1693360208654082304,4,0.49629752518948433,-0.6676060527955352
1693360208762430464,4,-0.1247974802591032,0.9438325481662837
1693360208870762496,4,-0.9218761043920691,-0.15163555003427676
1693360208979066112,4,-0.6585558261548743,0.6063072610585256
1693360209095924224,4,-0.02561324626407946,0.49798686614953036
1693360209204132096,4,0.09417009976725788,-0.2011886833718639
1693360209312489984,4,-0.4064979535701383,-0.1290411949791863
1693360209420782336,4,-0.41155268669213374,0.8439404350552884
1693360209529121792,4,0.3533663194046561,0.044960205590518276
1693360209637437184,4,0.23020097448744004,-0.2567363744406346
1693360209745755136,4,0.3004414314917574,-0.7169648067623857
1693360209854124288,4,0.04650248117780498,-0.5910763173876148
1693360209962457600,4,0.22799964177601573,0.4289496000297859
1693360210079112960,4,0.038759568400945854,-0.4975212742073829
1693360210187455232,4,-0.07423966809187643,0.8724049975004369
1693360210295806720,4,0.854159187477294,0.44026051456014104
1693360210412463616,4,0.7047923494553812,-0.7293215071523458
1693360210520808704,4,0.04875690810503697,0.6588160317222835
1693360210629124096,4,-0.9803576273070571,-0.16739411385020952
1693360210737531136,4,-0.6993018467650796,-0.865903973679091
1693360210845786112,4,0.9539522678494814,-0.3763189807315972
1693360210954251776,4,-0.6246511459459718,0.3880903436816907
1693360211070809088,4,0.0754629888921019,-0.3379297391367768
1693360211179215616,4,-0.8777844216678625,-0.06261179455437582
1693360211287488000,4,-0.6870939572636485,-0.29909441416943783
1693360211395828224,4,0.11831217830394469,-0.5479409792280578
1693360211512510208,4,0.25764350614144615,0.8557589976883033
1693360211612503808,4,-0.45083877020794794,0.6415088610576198
1693360211729145344,4,0.736186316999281,0.16893677010123587
1693360211837529856,4,-0.38849935878403796,0.24900187204761548
1693360211945824768,4,-0.193463281775893,-0.490501231534596
1693360212054173696,4,0.0820339864730737,0.31873514060062336
1693360212162500864,4,-0.8450477481985224,-0.6951563939008671
1693360212270865920,4,0.46131615663232606,-0.44002893301359935
1693360212379263488,4,-0.47412476593763,-0.7953557502224433
1693360212487555840,4,0.5937689620601803,0.17463412351653163
1693360212595853056,4,0.5321086851201431,-0.3396796200326726
1693360212704291840,4,0.5439573653548988,0.18433994955979593
1693360212820842752,4,-0.44552499105544574,0.6145991643855797
1693360212929196800,4,0.742673167823064,0.3369938270632884
1693360213037538304,4,-0.053186324100096494,-0.6638012229998294
1693360213154225664,4,0.5667298321698759,0.9781744512385644
1693360213262570752,4,-0.8173234622247949,0.6067076566058947
1693360213370948608,4,-0.7070166894296805,-0.6703632254084351
1693360213479235584,4,0.7492281794584821,-0.3533242482276646
1693360213595874048,4,0.7919066841876814,-0.8956216255281133
1693360213704221696,4,0.02341052602580751,-0.1206219579964023
1693360213812575744,4,0.3296844582511347,-0.34582127179863575
1693360213920984832,4,0.0007502102852974257,-0.7654070073250996
1693360214029210880,4,0.12029027034709827,-0.24538089671850782
1693360214137587200,4,-0.22894028266899902,-0.05104399688554362
1693360214254270464,4,-0.37647633494959143,0.043971409156499996
1693360214362584832,4,0.061371014687413794,0.7665712178555277
1693360214470910720,4,0.6843824418470168,0.9107202465253517
1693360214579271168,4,0.8909798656965773,0.6672098678013199
1693360214687693312,4,0.4226953557563422,0.6797522073573357
1693360214795890944,4,0.12097173097203395,-0.019812990798059982
1693360214904316160,4,0.5779301114460682,0.3707351702487438
1693360215012609024,4,0.11581016927603072,-0.12917325419050285
1693360215121255680,4,-0.303639021843487,-0.9494088908115264
1693360215229332480,4,-0.26862564898472563,-0.06784823878489776
1693360215337644288,4,0.3400781951247387,0.4569830063593079
1693360215454259712,4,-0.5724400786016257,0.11958804542265566
1693360215562607104,4,0.9958002257437435,0.8788142977801563
1693360215670970112,4,-0.23508516886523578,-0.6419887999714549
1693360215779301632,4,0.4952569901263477,-0.9786551565552342
1693360215887650048,4,-0.11583886502696017,0.05200518958104561
1693360215995969024,4,-0.9887709232242643,-0.37921860324663603
1693360216104337408,4,-0.8117830319547541,-0.262265147033228
1693360216212688640,4,-0.49247934665093807,0.8431279065161124
1693360216320968960,4,0.21354882825952504,-0.9329436175939723
1693360216429360128,4,-0.45009716389068877,-0.042530262495666715
1693360216546016512,4,-0.9121652246156657,0.39099815047181363
1693360216654321152,4,-0.4939240921411838,0.25054082359711805
1693360216762702592,4,0.9422813888219135,0.646651417470373
1693360216870962176,4,0.7263706433479413,0.8551496784509611
1693360216979327744,4,0.9944631547860243,0.26448016545892816
1693360217087668480,4,-0.019399029407337842,-0.05310316756463074
1693360217195969792,4,0.7498736627034617,0.5011726997135182
1693360217312676608,4,0.6148613706810366,-0.9236128126154266
1693360217421088512,4,-0.942326059744947,0.7885302709536322
1693360217529329408,4,-0.693616498922712,0.4723923381702253
1693360217637736192,4,0.7418264426431522,-0.7367035883244184
1693360217745997824,4,-0.16085483381056154,0.6916062700663024
1693360217854362112,4,-0.887904011556834,0.274956311443312
1693360217962699264,4,-0.8753490550184764,-0.8050490787939684
1693360218071019264,4,0.08816697116908667,0.9668068565812091
1693360218179476992,4,-0.6116352430715379,0.2280075808980111
1693360218287730944,4,-0.9666510919829461,0.6745470564364033
1693360218396031488,4,0.6964600518296133,-0.36703942868506223
1693360218512705792,4,0.4186179067077269,0.8114494977335671
1693360218621079552,4,0.1736949789842297,0.8886019493081654
1693360218729463040,4,0.03268089911596772,0.8810903230979343
1693360218837746944,4,-0.19365383064182518,0.6754333476382859
1693360218946033408,4,0.3392823496681958,-0.8700901986220491
1693360219062842112,4,0.650095086713032,0.003051387481599166
1693360219171060992,4,0.45791413287275917,-0.8320625994714317
1693360219279463680,4,-0.11320225828128416,-0.44894908951924717
1693360219387737600,4,-0.6026331977737442,0.010931661862902509
1693360219496065792,4,-0.6540635729536459,0.49365685644930624
1693360219604416512,4,0.6757193944020559,-0.9935512347345872
1693360219712731136,4,-0.45247372149587606,-0.29863044444151865
1693360219821255936,4,-0.317095019426163,0.13634653145232223
1693360219929436416,4,0.3925843698694591,0.13237857714701962
1693360220037895424,4,-0.0739892559027382,-0.7674766195116776
1693360220154434304,4,-0.8188765617832399,0.4591007543566472
1693360220262799104,4,-0.628682221211474,0.18229706029035042
1693360220371095552,4,0.9315311911718154,0.5334451372822497
1693360220479451648,4,0.5774733574753805,-0.5649482959815024
1693360220587782400,4,-0.2509408822603658,-0.8374501336038354
1693360220696100608,4,0.4485535315161544,-0.5065357639225974
1693360220804438528,4,0.6746166449917941,0.28463478300955014
1693360220912829440,4,0.8029583970395611,-0.6178278811662135
1693360221029461760,4,0.5116650870160828,-0.7345303697811505
1693360221137773568,4,-0.8933293911917441,0.4118279261451445
1693360221246150144,4,-0.6439919281160327,-0.7191478525841244
1693360221354479872,4,-0.3689180401864236,-0.5480792397964707
1693360221462828544,4,-0.6235094178795901,0.7671371579054689
1693360221571137024,4,-0.6457758250940113,-0.4101353100038456
1693360221679494912,4,0.3951163208424795,-0.4709097133217446
1693360221787831552,4,-0.020228678656323273,0.1573923284353791
1693360221896169984,4,-0.30228160660906833,0.2836518216586519
1693360222004532992,4,-0.10065371052175665,0.2620528144693355
1693360222113122048,4,0.6634608830582296,-0.9265378125061823
1693360222221338112,4,0.6694483844224062,-0.2286386168643204
1693360222329667840,4,0.07589756799804115,-0.5786744059062656
1693360222437883648,4,0.40437493374725264,-0.30615693858254
1693360222546376448,4,0.6218166452946923,0.592542801628843
1693360222654564608,4,-0.5851060846122926,0.3993076528383859
1693360222762990336,4,0.00753050374405384,0.6597153655161228
1693360222879506176,4,0.5885900597117857,-0.8184849990416698
1693360222987911936,4,0.5468179912972746,-0.48357230099655824
1693360223096248064,4,-0.06462360529831179,-0.9371038984966371
1693360223212871680,4,-0.7694036287511914,0.31666436241736506
1693360223321215232,4,-0.6271489787815538,-0.7203694363348654
1693360223429546496,4,0.17364152257130971,-0.2554345046912221
1693360223546217216,4,-0.2441796860351444,0.1767815634798242
1693360223646218240,4,-0.9323004287127847,0.4025765673013473
1693360223754569728,4,0.258944159133496,0.7386582031998643
1693360223862913536,4,-0.984203395862125,-0.15718447453534723
1693360223979604480,4,-0.33057504390669123,0.2957626268711666
1693360224087901184,4,-0.7995846243633105,0.8262976461351592
1693360224196292352,4,-0.3874487405606264,-0.06631753523978445
1693360224304633088,4,-0.6276785470240538,-0.9565000617651835
1693360224412918272,4,0.6184426637979197,-0.08710864791907746
1693360224521252352,4,0.1519304021373158,-0.13006304605372465
1693360224637944320,4,-0.20133303890269905,0.6681928223906266
1693360224746247168,4,-0.4948504608367019,-0.25357044337776435
1693360224854596608,4,-0.3242434787369135,0.3571116835050747
1693360224962941952,4,-0.39965340435312746,0.9415313441900839
1693360225071426560,4,0.7548654263362742,0.5263459821753864
1693360225179598080,4,0.8017310489250185,0.013921515760649816
1693360225287948288,4,-0.15802803000965393,0.5481448958718922
1693360225396266240,4,0.9079638805611132,-0.19849974523371383
1693360225504618496,4,-0.9428896581526702,0.02440870056129585
1693360225612935168,4,0.84470719546948,0.7731904923446646
1693360225729611776,4,0.9304712220673486,0.8856926638496734
1693360225837955328,4,-0.6030757136420328,0.9448555047510305
1693360225946270208,4,0.5037001839212953,-0.7402183463661907
1693360226054794496,4,-0.33370577113972,0.9198265977770104
1693360226171304448,4,0.940650255835036,-0.3814529211392488
1693360226279658496,4,0.5316462239840767,0.6029792479589946
1693360226387975680,4,-0.08257296091327282,-0.6693158379109543
1693360226496282112,4,-0.9983135810701758,-0.7050179809271317
1693360226604648448,4,0.7659094806323712,-0.39743533272256326
1693360226721327872,4,-0.8392494591386073,-0.5276328346466692
1693360226829642240,4,-0.5933560365952719,-0.8196662109474184
1693360226937989888,4,-0.5105349547544431,0.3694271528027686
1693360227046326784,4,0.6913367923439817,-0.2514843790986423
1693360227154617856,4,-0.04531182111308274,-0.31057627350220884
1693360227262983680,4,-0.058398611101075026,0.3735728769607438
1693360227379699968,4,0.3975594969465117,0.8256660919235042
1693360227488146176,4,0.33687370086150725,0.6626939842624064
1693360227596524800,4,0.4124482012203634,0.5261123466037174
1693360227713017856,4,-0.8083502741519524,-0.7429952126986281
1693360227821382912,4,0.5260885944256544,-0.7329474627989001
1693360227929692416,4,0.5465208787785742,0.7960425806521563
1693360228038020352,4,0.6395821522884011,0.4607442151409953
1693360228146393344,4,-0.1508151203850081,-0.21229927936024717
1693360228254696448,4,-0.8566864081193928,-0.02338134244268142
1693360228363026176,4,0.4808582361076126,0.1728579107954542
1693360228479671552,4,-0.5566119121672493,0.21704466906428377
1693360228588025856,4,0.5356878524297115,-0.2617348676580127
1693360228696357632,4,-0.3202980980060113,0.6464762836931874
1693360228804711168,4,0.2211330473299351,0.5033689200607054
1693360228913231360,4,0.8291720014403705,0.29115453705301086
1693360229021379584,4,-0.7238401994116652,-0.6240589016042961
1693360229129714432,4,-0.5775353118488504,-0.12919874350949612
1693360229238079744,4,-0.32082668864627895,0.308089869914586
1693360229346388480,4,-0.14857736005265165,-0.43007175160807276
1693360229454696960,4,-0.22636896855722477,0.6425500285722621
1693360229571619584,4,-0.9303466787782388,0.9170254909249702
1693360229679759360,4,-0.15652622015002438,-0.6729142457512598
1693360229788114944,4,0.36467955287320253,0.6684649900560162
1693360229896422912,4,-0.07015459528224266,-0.8347190566914251
1693360230004808192,4,0.3721312393646039,-0.7971898070593388
1693360230113077504,4,0.7249329597424499,0.6071005136805119
1693360230221466880,4,-0.9755510216819678,-0.36194844352097055
1693360230329788416,4,0.14936441938535006,-0.23201942911299112
1693360230438143744,4,-0.0906158683957361,-0.027721231373887933
1693360230546428416,4,0.9198421041696507,-0.19659321870718816
1693360230654796800,4,0.5427193202750575,-0.39409097395865333
1693360230763237888,4,-0.48270190146468583,0.2682343589657308
1693360230871479296,4,0.20727209459431584,0.6048367903860041
1693360230988141824,4,-0.09946011748818195,-0.2543493690937233
1693360231096483328,4,-0.05290542972052892,-0.32987298303591617
1693360231204911616,4,0.07004833179369929,-0.2702764256049375
1693360231313114368,4,0.5709894475167923,0.961469015837686
1693360231421662464,4,0.06342325746433097,-0.23305635347494058
1693360231538149632,4,0.34943781912340377,-0.6992255597270023
1693360231646467840,4,-0.3257686205476342,0.8683541522557245
1693360231754799616,4,0.18030603614205942,-0.6047739011809785
1693360231863339520,4,0.6256702186840788,0.45525753307648276
1693360231979829504,4,-0.09002127595412679,-0.902912803519321
1693360232088178176,4,-0.4365720891975695,-0.7568971087351932
1693360232196547072,4,-0.02075717657430909,-0.265791758148767
1693360232308958464,4,0.7783318698306116,0.37277527703786517
1693360232417835776,4,-0.4953463908180218,-0.3250765103847344
1693360232525551360,4,-0.4077110921318272,0.6383386853863349
1693360232633963008,4,0.085496995854907,-0.6425436393433857
1693360232750636032,4,-0.2862292764028873,-0.9649620138590016
1693360232858981376,4,-0.3507348999726274,0.2719653999152045
1693360232967266560,4,0.19155781137471317,-0.28551103574180137
1693360233075651328,4,-0.9267752985467237,0.4773606120975995
1693360233192281344,4,-0.502746564518904,-0.8319062808903277
1693360233300658688,4,-0.8108548503211943,0.4535748086071656
1693360233408976896,4,0.26584004601017064,-0.13779890697126573
1693360233517323008,4,-0.45060753307661017,0.943705550700886
1693360233634109184,4,0.377983922023194,-0.5117985916320216
1693360233742297600,4,0.6511428192791413,0.6698358048836337
1693360233850631424,4,0.46537555486687476,0.047117495075885474
1693360233958963712,4,-0.08316086172102422,-0.8469277124615242
1693360234067295488,4,-0.2544093424337004,-0.706499105552532
1693360234183951616,4,0.9536866653533309,0.27562896627897726
1693360234292442368,4,0.764073775725405,-0.2361740095521172
1693360234400643328,4,0.9605329740851978,-0.8424702683423053
1693360234508986624,4,0.8548811023941794,0.4985339984593684
1693360234625647616,4,-0.1549401819595757,-0.9552330496321568
1693360234734037504,4,0.9007177613193844,-0.4862839919091173
1693360234842358272,4,0.30579086754746587,0.7658507239711771
1693360234950630400,4,0.6737066345266496,-0.13312943331658778
1693360235067362304,4,-0.7671491385453226,-0.6167127255962026
1693360235175638528,4,-0.4780485034746169,-0.393597161537685
1693360235283995392,4,0.028079145240152092,0.7084872989911357
1693360235392390656,4,-0.5124951944610905,0.5979081995611073
1693360235500928512,4,-0.2515272263685464,-0.05416319943652659
1693360235617341696,4,0.521438091031883,-0.12610873170514791
1693360235725733888,4,0.4937395854124915,0.5566179482000093
1693360235834012672,4,-0.44629237798507404,0.34287928112957133
1693360235942366208,4,0.20924513636038644,0.8194928196260394
1693360236058993920,4,0.35641649789977814,-0.45464119307620754
1693360236167579904,4,-0.18563441623544197,-0.9625621023468589
1693360236275716608,4,-0.17135032032113107,-0.7404661137645148
1693360236384045312,4,-0.46589344050822823,0.19815890178469142
1693360236492404480,4,0.9517952447363236,-0.3636812106199907
1693360236609132032,4,-0.5573526289340143,-0.9638541533200666
1693360236717419520,4,-0.3507823315105183,-0.8725550828667541
1693360236825687808,4,-0.42433737623447243,0.4240672083097121
1693360236934028544,4,0.6539499530292174,0.1758283290380951
1693360237050713088,4,0.26954532556579647,-0.3424959698102188
1693360237159131648,4,-0.2219209749161768,0.859745391572373
1693360237267461376,4,-0.9748655506528807,-0.3188080442004979
1693360237375769856,4,-0.3072673704828517,-0.11123387289377118
1693360237484062208,4,-0.07610489645069873,0.4851423129286563
1693360237592425472,4,-0.5787252108418888,0.3954507286848634
1693360237700758528,4,0.3459719030568189,-0.48861480648907696
1693360237817468160,4,-0.9354669800296651,0.7045833553569507
1693360237917427968,4,0.9354472172052937,0.26276812682358197
1693360238034049536,4,0.1226514724634169,-0.3094016152159573
1693360238142440704,4,-0.5848975964186953,0.9697372098206243
1693360238250844928,4,-0.2616170897478949,-0.416353914873935
1693360238359137792,4,-0.3693238280490163,0.3490027407911436
1693360238475725824,4,-0.9408708638563679,0.24972539521659742
1693360238584187136,4,-0.6665313895901273,-0.29674724392753205
1693360238692419840,4,-0.13693841672848195,0.991651680543127
1693360238809188608,4,-0.953183311948353,0.9467141372544716
1693360238917433856,4,0.1128789744384886,-0.018486246620413205
1693360239025805568,4,-0.530562872062857,0.8423525622128354
1693360239134094080,4,-0.7366052213545318,0.21424348576097318
1693360239242467840,4,0.6993363816066682,-0.8060403556264983
1693360239350807296,4,-0.5633892385467119,0.9842618124281282
1693360239459217408,4,0.14149003162009977,-0.6427551230059074
1693360239575789312,4,-0.6817649637628402,0.5550493595657155
1693360239684183808,4,0.46892142264390735,-0.1977669812728413
1693360239792508160,4,-0.18296762776338138,0.5025618406795351
1693360239900828416,4,-0.16364000885994878,0.19849707601785238
1693360240017651712,4,-0.3611930046901157,-0.2736506368178777
1693360240125808640,4,-0.7887224456036901,0.7695157332248073
1693360240234503168,4,0.9204788004327205,0.5235062634380527
1693360240342519808,4,-0.36444980647706005,0.07125409740967137
1693360240459155712,4,-0.21565326712877741,0.7181131750936205
1693360240567608832,4,-0.010333571481284887,-0.07217211594755324
1693360240675874816,4,0.6522768724642742,-0.10108814899671392
1693360240784195072,4,0.8478211145600958,-0.6447467446319111
1693360240900856320,4,-0.4231843798855339,0.06533141180673674
1693360241009236224,4,-0.33189030344881276,-0.07195702707483465
1693360241117585152,4,-0.6554586636520658,0.8145617708313924
1693360241226020608,4,-0.23329315215114033,0.30620848265439116
1693360241342560000,4,0.9484947833160993,-0.17941239194758318
1693360241450901504,4,0.2728337500846534,0.23775193429280228
1693360241559264000,4,-0.7228559164746693,0.23984058951379716
1693360241667768576,4,0.9978197676018745,0.1991363401798114
1693360241784288512,4,0.46429598940574013,0.890978038651252
1693360241892568832,4,-0.34995937928836796,-0.5001184915533832
1693360242000892928,4,0.13861229457698943,-0.05617291205580455
1693360242109281536,4,-0.8180671192430544,-0.259408175606735
1693360242225948160,4,0.4859307497939851,0.7670249609631279
1693360242334297600,4,0.3082320897182729,0.10411471890412938
1693360242442575616,4,0.7268765448485548,0.700618027347427
1693360242559306752,4,-0.6772414526675807,-0.26187135691851227
1693360242667683072,4,0.749300394048025,-0.6495780129407513
1693360242776003584,6,0.8742817746518927,0.8427713692156269
1693360242892611328,6,-0.35455159645304013,-0.41403616868238435
1693360243000975616,6,0.7888913159204982,-0.585985458230939
1693360243109417984,6,-0.07764082462798183,-0.5099060582567589
1693360243217831936,6,0.20649797385414215,0.9794266557974165
1693360243326011904,6,0.5935071137082262,0.9456105748028489
1693360243442681088,6,0.00042987825541573876,-0.7776854067491448
1693360243551026432,6,0.20801359173469902,-0.3374815304266594
1693360243659330048,6,0.8403116302025113,-0.6814668291082464
1693360243767821824,6,-0.07557553467085576,0.9249480526125768
1693360243875999744,6,-0.9862333722619925,-0.9353548633750739
1693360243984337920,6,0.3537447513095542,0.7341254281963037
1693360244092699392,6,0.991069100353259,0.7243379411893425
1693360244209369600,6,-0.8592687728547643,-0.16582077804841377
1693360244317781248,6,-0.47994150395159374,0.43195315506073007
1693360244426021120,6,-0.7580360514552169,0.5531930566873686
1693360244534368512,6,0.2941786794246555,0.0683416234666736
1693360244642656768,6,-0.9525597477179599,-0.03838487226137777
1693360244751002624,6,0.45206350177207977,-0.4140738574912788
1693360244859389184,6,-0.2032065268113057,0.6446315158180971
1693360244967915520,6,0.5375230318293938,-0.2732534647072937
1693360245076025600,6,0.4332492489723845,0.02311939938766039
1693360245184495616,6,0.2992596095807225,-0.1428229244437289
1693360245301107456,6,-0.7518863066491037,-0.7080325209040883
1693360245409412608,6,-0.4750018006870089,0.6504571822257634
1693360245517695488,6,0.5071557133140943,-0.7764325332344442
1693360245626091776,6,-0.6620930676689074,-0.1742138913789839
1693360245734440704,6,-0.32033075180724135,0.8259491807679633
1693360245842757376,6,0.5911061984686703,-0.5798300316258118
1693360245951085824,6,-0.805748591869687,0.2840711428778775
1693360246059415808,6,-0.8518608889245687,0.7983906225723456
1693360246167718144,6,-0.016846138946675193,-0.5105431116077219
1693360246276050688,6,-0.4800008931391999,-0.4094158606351299
1693360246392785920,6,-0.1106558690866648,0.5747478969451212
1693360246501123584,6,0.3991233446884417,0.13646237962393415
1693360246609558272,6,0.18885625952101703,0.5226454755666998
1693360246717795840,6,-0.7039520513746249,-0.4231391396233368
1693360246826116096,6,-0.557956920859656,-0.25829776281804695
1693360246934430720,6,-0.274551529976679,-0.4175634040435743
1693360247042828800,6,0.8895838218307,-0.6833951090627921
1693360247159543552,6,0.2677891597858273,-0.049430315001624425
1693360247267799552,6,-0.12027529368879342,-0.41024076708493706
1693360247376188416,6,0.4874663323938644,0.39016503287185844
1693360247484475136,6,-0.7069477199398069,-0.4153342417009529
1693360247592839424,6,-0.2315466514631248,0.2735246602880661
1693360247701169920,6,-0.9439905904096493,-0.5766759129877335
1693360247809466112,6,-0.39408686536009085,0.16846954840521078
1693360247917839616,6,-0.48115765505788044,0.4422787354676656
1693360248026134016,6,0.49091447696436274,0.9922350424053961
1693360248134627072,6,-0.18831073527076359,0.2369199827314019
1693360248242823424,6,-0.6591797475158676,-0.3115729146621895
1693360248359504384,6,-0.688246286107072,0.7052209451957834
1693360248467935744,6,-0.37140753085408496,-0.2512748334112953
1693360248576138240,6,0.7308173764658317,-0.029508432025067588
1693360248684567808,6,-0.6617582459631226,0.0504737419195842
1693360248792854528,6,-0.6492252873778579,0.7942672130446489
1693360248901261568,6,-0.9715348084457993,0.8938965062015145
1693360249009506304,6,-0.3152660097952906,-0.3813834308619908
1693360249117904896,6,-0.5513800211237592,-0.4433689026737031
1693360249226178048,6,0.5560287196749718,0.5785484927831801
1693360249334775808,6,0.2999933242342203,-0.2869970724166895
1693360249442855424,6,-0.08135657654094719,0.8254050111567464
1693360249559522816,6,0.8126040549904223,0.6799542717077818
1693360249667857408,6,0.691491869373567,0.5661748765064092
1693360249776188416,6,0.048236666591982,-0.5432573595437726
1693360249884527104,6,-0.5949400311177921,0.32848817158997834
1693360249992844288,6,-0.20301755329367488,-0.8023199595208725
1693360250101349888,6,-0.3409698380914852,-0.8656045456011063
1693360250209542144,6,0.10656896176421893,0.06950774560281059
1693360250326452480,6,0.4825157752294702,0.7452312272704733
1693360250434547712,6,0.9408744394468933,-0.8880504005159013
1693360250542969088,6,0.13340432231051902,-0.5040561073319281
1693360250651201536,6,-0.48785585467115267,0.4788715568584896
1693360250759540224,6,0.37939807677765836,0.3016144314039142
1693360250867957760,6,-0.5098258967944991,0.3792749005165743
1693360250984539392,6,-0.0878678980852563,-0.9195344153139371
1693360251092860928,6,0.21827541687731933,0.1039513092857085
1693360251201226496,6,-0.817281607641124,-0.6199716667333657
1693360251309523200,6,0.6613847601036256,-0.8726621284165836
1693360251417959936,6,0.8062671740732927,0.045115400891912794
1693360251526415872,6,-0.8782697736064786,-0.5448275023111613
1693360251642913792,6,0.17135478201032406,0.16254087503675074
1693360251751580160,6,-0.07145741435482766,0.07386728944839094
1693360251859545088,6,0.562825173900765,-0.36228332236385175
1693360251967954944,6,0.2678114037670871,-0.6071483421579147
1693360252076238848,6,-0.7671872162536075,-0.8332275826329618
1693360252184606976,6,-0.6052075162548438,0.0847376672830562
1693360252301248512,6,-0.5700121134773826,-0.02553866356669432
1693360252409654272,6,0.1386585386038195,0.16342709108823006
1693360252509623808,6,0.7222782061247355,-0.7769521963599109
1693360252617930240,6,0.7730349666273864,0.5547917282972834
1693360252734599424,6,-0.6104024709919462,0.6115317290266238
1693360252842953472,6,0.22882656388793943,-0.08749112498406042
1693360252951255552,6,-0.9990097544826899,0.5091205001945625
1693360253059596800,6,0.20270829306160199,-0.014789720905897141
1693360253168240128,6,-0.6469362478160949,0.014585964132542095
1693360253276320256,6,0.02840047007435098,0.9028713948321287
1693360253384743424,6,-0.4007254650563017,0.7345219333796207
1693360253501308928,6,-0.5019559958406943,-0.44942330304022815
1693360253601420800,6,0.12252863501105127,-0.3823919650029881
1693360253717985280,6,-0.11991239918067986,0.9544579946489962
1693360253826309120,6,0.8913940367427509,-0.02483911802593952
1693360253934691072,6,-0.36158490339864513,0.9487087802521574
1693360254042985728,6,-0.0589873418839586,-0.6737382534325844
1693360254151287808,6,-0.8688810503417581,-0.13597016523813932
1693360254259709184,6,-0.39071804144132183,0.8505906740133446
1693360254368012032,6,-0.11360333349657492,0.2757659507834751
1693360254476375040,6,0.07718018923040737,-0.634688657617636
1693360254584706304,6,0.5575835870014383,0.5257052962750612
1693360254693039104,6,-0.5735671027421902,0.0035593406168195063
1693360254801310976,6,-0.35996827831237743,0.06079903948121723
1693360254909697536,6,-0.7941657649763478,-0.3998771618671493
1693360255026375424,6,0.21905337587433937,0.14201685297321132
1693360255134685184,6,-0.6908047001992847,-0.6872245491757385
1693360255243005952,6,0.5327947645819184,0.5716222550239753
1693360255351375872,6,0.704714568822729,0.2202464589862636
1693360255459691520,6,-0.6857346843826584,0.9134139644573076
1693360255568020480,6,0.9623088162209867,0.306981259513343
1693360255684989184,6,0.5774972649948173,0.5595098246107739
1693360255793084928,6,-0.4612336273681583,0.8656870910950811
1693360255901377536,6,-0.056036652113050645,0.7124750738507364
1693360256009711104,6,-0.39276375814093467,-0.7100269450808707
1693360256118091520,6,-0.3325556706382389,-0.2921328570063222
1693360256226644224,6,0.4904278712771333,-0.1005842490789759
1693360256334708224,6,-0.14940417463650713,-0.2129155879811162
1693360256443015680,6,-0.1657527237285299,0.5244454881546989
1693360256551439104,6,-0.19183778680402908,0.9373599053738679
1693360256659715584,6,-0.2927760832638635,0.6107415130724054
1693360256768110848,6,0.9499715187682167,0.5340971987576382
1693360256876590592,6,-0.9610407528499803,0.4086778194042011
1693360256984770816,6,-0.58278191593208,0.4333453961600262
1693360257093102336,6,-0.4104062194742004,-0.25304962659360486
1693360257201571584,6,-0.35630840916189044,0.5818399396897305
1693360257318145024,6,-0.3486297345449305,0.11994452385629639
1693360257426435072,6,-0.601095709242305,-0.5700402912861731
1693360257535163136,6,0.005886844398128144,0.7128068845564577
1693360257643192576,6,-0.7863308478232189,-0.5137243694004723
1693360257751524864,6,-0.34903392608688555,-0.04063460318007839
1693360257860056576,6,0.4425279586455264,-0.06025648188523425
1693360257968206080,6,0.9422663442299979,-0.9080000999386917
1693360258076510976,6,0.3188364712903351,0.375601931806381
1693360258193147392,6,0.8177746937645771,-0.0259173028193993
1693360258301455872,6,-0.43971477468417297,0.21340968588164988
1693360258409873152,6,-0.24996207566087225,-0.7971201679689504
1693360258518375168,6,0.2792573324246992,-0.4479075590089603
1693360258626512896,6,-0.2611023420374936,0.8472121847306986
1693360258743400960,6,-0.7779384185099474,-0.731430532323573
1693360258851488000,6,0.4996524166165106,-0.3509089652124233
1693360258959799296,6,0.5504858155913503,-0.1724452402545409
1693360259068171008,6,-0.6964548248954026,-0.6991608501999331
1693360259176592896,6,-0.402288741259454,-0.6000113850558344
1693360259285035008,6,-0.8239896828195274,-0.5095466624521896
1693360259393174528,6,0.14546633581198964,0.5255743214590964
1693360259501525504,6,-0.4785617357987997,0.062054959197491266
1693360259609845504,6,-0.41716123089834856,-0.9562963822414345
1693360259718200832,6,0.5442014302299303,-0.8639921863269013
1693360259826586368,6,0.5718014195449845,0.42280537991312506
1693360259934891520,6,-0.37207752529978566,0.7068666571561932
1693360260051591680,6,0.81020699102734,-0.1083192564953388
1693360260159886336,6,0.7691704364838126,-0.6317199420740138
1693360260268244480,6,-0.06334720212694589,-0.07839261945778442
1693360260376680448,6,-0.3339758038672034,0.35533760445473583
1693360260484849920,6,0.40812062113025505,-0.4892844467816222
1693360260593230848,6,0.4953005601865239,-0.9537233838398764
1693360260709906688,6,-0.761619126167294,-0.17844209928317478
1693360260818411520,6,-0.20738403788112403,-0.02728493812535704
1693360260926592512,6,-0.9039378340292805,0.056794763509725676
1693360261034991360,6,0.8259644059783677,0.024523338280236118
1693360261143230720,6,-0.9675974612576577,-0.12558616704263592
1693360261251584768,6,-0.9358319646151625,0.008423117892159215
1693360261359906816,6,0.596556489572972,0.5802750071705787
1693360261468237056,6,-0.01598105903496716,0.14963093897331592
1693360261576565248,6,0.2687476883397917,0.46886761599112403
1693360261684940800,6,0.1306136115214751,0.948455073807994
1693360261793329152,6,0.5611764209320385,0.06352487442231047
1693360261901656832,6,0.5971819536909513,0.6925986834091833
1693360262009958400,6,-0.8245394889425453,0.844993762201768
1693360262118254080,6,0.22006296590229857,0.9858994512392201
1693360262234898432,6,0.5038146983546548,0.5342305702560117
1693360262343241216,6,-0.13810654256111743,-0.4462701757890708
1693360262451916544,6,-0.09742282495862575,0.7610811739318024
1693360262559930624,6,0.4778731786043242,0.30088739589496605
1693360262668400640,6,-0.8539484265197246,0.29567972682749866
1693360262776653824,6,-0.32038056173850493,0.05542793543805047
1693360262885145344,6,0.38517233341125556,0.640417053528185
1693360262993315840,6,-0.13520565793816774,-0.9570329427500657
1693360263101725184,6,0.14947568317970306,-0.9872920867250898
1693360263209954048,6,0.6564452855281158,-0.9622566996732667
1693360263318381312,6,-0.549540127480264,-0.14570070578910532
1693360263426643968,6,-0.4822940996948686,-0.5542200269642998
1693360263535237888,6,0.34907662522463245,-0.34676144223862493
1693360263651613952,6,-0.08449335912447142,0.33080374002950697
1693360263760087296,6,0.5398556563485375,0.14887682982320394
1693360263868595968,6,-0.29070937792593954,0.7606234806016752
1693360263976742912,6,0.7344862457641375,-0.6947904350035286
1693360264076818176,6,0.5459840021771758,-0.5877116574573269
1693360264185313280,6,-0.6368265583977626,-0.947551018991738
1693360264293505536,6,0.20384293711922652,0.6893966352858034
1693360264410106112,6,0.5589264352220824,0.08015250188886514
1693360264518825472,6,0.9093211899588536,-0.34507790400749383
1693360264626847232,6,-0.36932750152847915,-0.5397922894631768
1693360264735393280,6,-0.582385492299476,-0.3941409861551388
1693360264851865088,6,-0.15143272294098709,-0.4578441197726304
1693360264960175104,6,0.8726045328360537,-0.5655283812829057
1693360265068506624,6,-0.2893104698166782,-0.7253756690377358
1693360265176764928,6,0.7977592638788615,-0.12071811969414226
1693360265293410048,6,0.6683144859673633,-0.2497721161630171
1693360265401945088,6,-0.11209507483940162,0.48788475773018747
1693360265510184960,6,0.4798255295840552,-0.2391668699798839
1693360265618535936,6,-0.10637522580404801,-0.2016435980999809
1693360265726871552,6,-0.5887354646476548,-0.23899022355352062
1693360265843594496,6,0.6289988327719169,-0.8142963652425441
1693360265951907328,6,-0.6498064323260886,0.8265664216623236
1693360266060177408,6,0.44903668040776523,-0.7565924948024305
1693360266168843520,6,0.513212713742822,-0.7592833498016631
1693360266276830464,6,-0.021783147146672066,0.20969681975827137
1693360266393533696,6,0.4993651806616419,-0.3662408379446289
1693360266501929984,6,-0.6180377124201142,0.9703042073665704
1693360266610202880,6,0.5995824263529506,-0.28028304162652873
1693360266718638080,6,-0.4894309266100041,-0.7760152824983473
1693360266826866432,6,-0.08609250163815241,-0.9854888114328813
1693360266935442176,6,0.6068233463170223,-0.19938330409573402
1693360267043517184,6,0.7149861469874683,-0.2906378006876642
1693360267151942400,6,0.8914635674652713,0.6730692694381712
1693360267260242432,6,-0.13170223018615568,0.6956163145900045
1693360267368661760,6,-0.39861112491251793,0.999413128215282
1693360267476933376,6,-0.8310970567102338,0.2871639104212733
1693360267585323520,6,-0.22062757796135823,-0.05727708316072788
1693360267693574400,6,0.9026182884608873,-0.4505677412505582
1693360267810282240,6,0.2947192325790404,-0.35345813564405604
1693360267918728448,6,-0.7185283624020993,-0.502003756502891
1693360268026973440,6,0.12915849699488202,-0.7441033941712676
1693360268135352576,6,-0.6884833702412194,0.3901404212387307
1693360268243576064,6,0.5245756810753168,-0.8776370794146586
1693360268352059904,6,0.604760545638585,0.7326901218272628
1693360268460270848,6,0.3219043805164781,-0.2565919217831638
1693360268568763648,6,-0.17024725938959873,-0.685034611534489
1693360268676930560,6,-0.6551600221598526,0.872583173492546
1693360268793621248,6,0.9306003771928026,0.4839333416434761
1693360268902006784,6,0.6206393490533204,-0.6367706155021786
1693360269010253568,6,0.758154823257841,-0.7812168480968955
1693360269118731776,6,-0.6752525712552648,-0.004889216958330778
1693360269227115776,6,-0.38787036532678765,0.2506249751625078
1693360269335312896,6,0.817961705348268,-0.46963731017837573
1693360269443745792,6,-0.3578545297909055,0.5665377978359167
1693360269552084480,6,-0.3368359054849017,0.7776409010663974
1693360269660253184,6,-0.9315544555343565,0.7440563908866167
1693360269768749824,6,0.827153867597197,-0.9070010998923344
1693360269885408512,6,-0.24592645820226844,0.1970149535316632
1693360269993614848,6,0.05040920033663854,-0.6836548432690615
1693360270102110976,6,-0.9701230772038341,0.7943773898884605
1693360270210383616,6,-0.8157522019761374,0.9763830165017504
1693360270318894080,6,-0.7751788203607441,-0.048621260159711355
1693360270426992128,6,0.9667375745635753,0.7122808530650049
1693360270535417344,6,0.07345440149926885,-0.731189208374684
1693360270643721216,6,0.20654219104983085,0.27371047438266305
1693360270752168960,6,-0.3771382350289305,-0.06102603823618624
1693360270860310784,6,0.805765900863135,-0.7436027776766352
1693360270977034752,6,0.31274854451397194,-0.268834546850542
1693360271085756160,6,0.22721914452958014,0.43263058508035956
1693360271193648384,6,-0.04442030947205877,0.4974378322227202
1693360271302112512,6,0.7039369429832627,-0.6074258070314977
1693360271410365696,6,-0.561377741176873,-0.740384775318988
1693360271518796288,6,0.8845782599239875,-0.5488963177917909
1693360271627013888,6,-0.8356220313432032,-0.8104216200520387
1693360271735737088,6,-0.19232293542772871,0.7738358470054649
1693360271843648512,6,-0.7895435802671493,-0.5475531928141311
1693360271952289280,6,-0.6307464878256579,0.31873871834737266
1693360272068817408,6,-0.34274848236947575,0.947913489671784
1693360272177118464,6,0.3367127268133261,0.03983385141051343
1693360272285491712,6,0.15433421712581685,0.7671656797338406
1693360272393664512,6,0.5197872355510611,-0.7365858058937786
1693360272510373888,6,-0.15595809556885531,0.32240365662010007
1693360272610493184,6,0.1587371190847504,0.8692488201074067
1693360272718803200,6,-0.9315493740448961,0.8120290607179907
1693360272827119872,6,-0.22993997287928725,-0.9039631367594771
1693360272943746816,6,-0.6042076948355046,-0.6356550601970892
1693360273052433664,6,-0.7140910679902039,-0.9317719215843219
1693360273160366592,6,0.5895444339190323,-0.6762295902257622
1693360273268876032,6,-0.3549352435512467,0.1441734653827007
1693360273377225216,6,-0.03231027934431374,-0.31219646054881434
1693360273485921024,6,0.2574258427251255,0.6339789773640001
1693360273602234880,6,0.15440296241129703,-0.09579177211673895
1693360273702247168,6,-0.570327617925501,0.24262512121803503
1693360273810483712,6,0.09175885379110271,-0.7643617429590162
1693360273927113728,6,-0.4413896105369852,0.5370221065653995
1693360274035603200,6,0.8477712621890059,-0.32549081747702213
1693360274143752448,6,0.7850536880838781,-0.48943115262712555
1693360274252233984,6,0.6139769982095227,-0.025289702832582917
1693360274360471296,6,0.09780157292360059,0.32649614060675214
1693360274469001728,6,0.33602537000498733,-0.31524995322124183
1693360274577141760,6,0.03814584408496824,-0.8737644585675857
1693360274685573632,6,-0.2691555108649357,0.28458538689336144
1693360274793772544,6,0.9295070997375068,-0.7475436613770796
1693360274902270720,6,-0.545749888195278,-0.08513312294963082
1693360275018947840,6,-0.7777260673004727,0.10092953909479596
1693360275127187712,6,-0.408573133851599,0.7466134778801239
1693360275235751936,6,-0.3859391890084025,-0.12767178485842745
1693360275335514368,6,0.9686233988337014,-0.8340655123249807
1693360275452341760,6,0.7339349831891024,0.009447443226164198
1693360275560505088,6,-0.20488380163868358,0.8824994398001471
1693360275669050368,6,0.9970895873144956,-0.6102440336092052
1693360275777419264,6,0.6800256323899978,-0.5562858167899942
1693360275885629952,6,-0.9665615230995848,0.4668246469586461
1693360275993961472,6,-0.29212700537480885,0.20187259882595665
1693360276102313984,6,-0.6964576160478146,0.7198523958111038
1693360276218985984,6,0.05009044776849758,0.600519978004042
1693360276327233536,6,-0.2746876993856251,-0.5391529099092671
1693360276435635200,6,0.8943269997414178,0.061740147572062254
1693360276544024832,6,-0.2510557598061891,-0.7997238534629807
1693360276652382208,6,-0.6687289679809312,0.26862524239630714
1693360276760546048,6,0.23636852541949582,0.6864775855935941
1693360276869020672,6,0.5022083627594405,-0.6958978393551476
1693360276977411840,6,0.8843839757908947,0.21933110690140323
1693360277085893632,6,0.7165903926222938,-0.44315724001955736
1693360277193960448,6,0.9181135292224045,0.8977982163559324
1693360277302452992,6,-0.40700713709335945,0.8019132393859112
1693360277419078912,6,0.94401772948003,0.7874889891824994
1693360277527201024,6,-0.06399170574663171,-0.7277602445848639
1693360277635711488,6,0.876286660134691,-0.9992927748729217
1693360277743851264,6,-0.4973415179797851,0.11151475709855796
1693360277852347392,6,-0.376789298523146,0.8461043049910737
1693360277960536064,6,0.2262345342931884,0.918551505607587
1693360278069020160,6,-0.8815555459980733,-0.17924894183422224
1693360278177227520,6,-0.712416865215717,0.6448825025596163
1693360278285862912,6,0.5291858609332889,0.6139765527316194
1693360278394010624,6,0.9018212255589164,-0.5150738747233412
1693360278502490112,6,0.5726256990349741,0.29216924934102995
1693360278619287040,6,-0.218000671395415,-0.6132574044380592
1693360278727535616,6,0.6686580531359811,-0.8589367236747585
1693360278835821824,6,0.9267146877802921,-0.4475642570787619
1693360278944217088,6,0.7852770000910838,-0.7530571561160839
1693360279052486656,6,0.47930996993079367,0.888682211523016
1693360279160860928,6,-0.696307596477403,-0.11323728945242717
1693360279269117952,6,0.34447613768980334,0.5211691905181026
1693360279377431808,6,-0.9784619266278058,-0.7654159736540873
1693360279485778688,6,-0.3776788186395026,-0.7947755788019595
1693360279594057216,6,0.2570914715296997,-0.05778133523194251
1693360279710659840,6,0.3208428686599729,-0.40235556926965166
1693360279819255296,6,-0.7502710142543991,0.4858234615629269
1693360279927420416,6,-0.09126513967399896,-0.8591945338215401
1693360280036032768,6,0.9579859190322495,0.8210123288632454
1693360280144157440,6,-0.31724561936802465,-0.4557944245712773
1693360280252503296,6,0.9759188151504341,-0.2369965786043191
1693360280361039360,6,0.782233495346492,-0.7743248548075805
1693360280469133056,6,-0.06694863101973292,0.1699571485587359
1693360280577449216,6,0.7524846450948814,0.3828738460765202
1693360280694021120,6,0.5889112276927249,0.5169190658793885
1693360280802493952,6,-0.5507331710630758,-0.7938996689234235
1693360280910667776,6,0.9952106137835874,0.20663213669858016
1693360281019383808,6,0.1980939636392156,-0.274901237468532
1693360281127497728,6,0.7387225754553886,0.32982122144895487
1693360281235958016,6,0.6734182343125199,0.926488838083704
1693360281344107008,6,-0.15665176426392025,0.2761198148904753
1693360281452586496,6,0.7303344871095654,-0.4395928704392167
1693360281560752896,6,0.4481047352022325,-0.4482687278876998
1693360281669290496,6,-0.49665839016042024,0.01564710332199426
1693360281777549312,6,-0.16070928175779464,0.6725924946553865
1693360281894105600,6,0.9661732220152213,-0.8338132796745583
1693360282002500608,6,-0.7977380348280727,0.611982978665065
1693360282110767104,6,-0.5145115616055711,-0.010047834792910049
1693360282219213568,6,0.1821688776279542,0.3312569747232521
1693360282327367168,6,-0.7920690924331169,0.5618438545802358
1693360282436141056,6,0.4170581771114761,0.12134152064681958
1693360282544208128,6,0.6748240525367868,-0.2483553199972537
1693360282660756480,6,0.03793357119550489,0.8504861841731821
1693360282769236736,6,-0.23482555088250012,0.2033246175616632
1693360282877474816,6,0.1806860691041594,0.5871999359529878
1693360282986064640,6,0.9081429555800069,0.15125104926397737
1693360283094130176,6,-0.7650532727430821,0.5280613487752424
1693360283202626560,6,-0.27859834462222377,0.3452187882260276
1693360283310906112,6,0.8075792134375239,-0.15634134687060808
1693360283419534080,6,-0.21250980022119004,0.4886195516566174
1693360283527489792,6,-0.30539109338688153,0.5762727028168004
1693360283636004352,6,0.7044660666695679,0.14668984507637117
1693360283752851712,6,0.04553078170532321,0.8803940027757395
1693360283860727296,6,0.6263213426652638,0.2562366983948101
1693360283969192704,6,0.5552615438669524,0.33813673120858234
1693360284077668608,6,-0.9487188575261902,0.13385999472048415
1693360284186039808,6,-0.9517111535292675,0.8918995161199903
1693360284294113024,6,-0.8023915992337938,0.8413393856904492
1693360284402628864,6,0.6037904922421957,0.45811473513578127
1693360284510857728,6,0.6988601668319798,-0.4929715490551454
1693360284619260672,6,0.6367368650885179,-0.3119005508366459
1693360284735956736,6,0.9471591258881775,-0.5025978345180679
1693360284844180992,6,-0.1079860212846131,-0.9044017743391932
1693360284952644352,6,-0.08359085471772532,0.9819513802946704
1693360285060869888,6,-0.47365260469002823,0.587282049068691
1693360285177464064,6,-0.5812379634607172,0.5416178086919023
1693360285286204160,6,0.09455543232391639,-0.3562376984848863
1693360285394133504,6,-0.19735825429381215,-0.3029217156623569
1693360285502942976,6,0.6309389050611556,0.6894396916007459
1693360285619396096,6,0.7132927192579128,-0.33247346651845144
1693360285727520000,6,0.23280545381061368,0.47971865244441725
1693360285835941120,6,0.6724712992594186,-0.544858152918009
1693360285944200960,6,0.6573662207400077,-0.7974036646757825
1693360286052643328,6,0.44388133422184706,0.27890347549416505
1693360286160870400,6,-0.3741513099998277,-0.005614613898470955
1693360286277557248,6,-0.6276157087599565,-0.23460723158494967
1693360286385975296,6,-0.47063921606576464,0.41479217239380817
1693360286494353920,6,-0.29881219063697406,0.6117949998046321
1693360286602650368,6,0.7915604615429521,0.5095416927221024
1693360286711137024,6,0.9186166699013589,-0.35448044514764354
1693360286827530752,6,-0.7770387949080804,0.16369367108535138
1693360286927942400,6,0.8176606521922241,0.40045660201173616
1693360287036075264,6,0.12097058141535055,0.5135411554563232
1693360287144578048,6,0.0765087183998241,-0.2040575352538978
1693360287252721408,6,0.39127217346333487,-0.6027607754861761
1693360287361202688,6,-0.8189155651380784,0.1959387647315456
1693360287469389824,6,0.7538661012528862,-0.1907258204786657
1693360287577789184,6,-0.47325990876904966,0.4317762008333794
1693360287694217216,6,0.06565550496875705,-0.2064865211690623
1693360287802791424,6,0.842516651529672,-0.7927479469029683
1693360287910872832,6,0.9121499171299092,0.6291461717555589
1693360288019438080,6,0.774902206636775,-0.41217548231154644
1693360288127586048,6,0.14021356360234716,-0.8355767976666051
1693360288236140288,6,0.9988777819994814,-0.11492789050736985
1693360288352678144,6,-0.9184543155744138,0.09597443275171225
1693360288460911360,6,0.3350426553588699,-0.4524234082347276
1693360288569551872,6,-0.011014145248106288,0.6664959295850856
1693360288677545984,6,0.9665245893444889,-0.5092965234050759
1693360288785955328,6,-0.5483346962875739,0.29579010324962907
1693360288894341888,6,-0.5680638083014384,-0.9751632914424966
1693360289002745600,6,-0.5126395975859392,-0.958452092743943
1693360289110960128,6,0.224441028882165,0.6758614396892471
1693360289219611392,6,-0.1709483182978282,0.10245230791527904
1693360289336120064,6,0.1361714034116135,-0.17535286864551858
1693360289444315136,6,0.6958095508600977,0.16179122626210485
1693360289552711936,6,0.25451021753932324,0.7772082820883792
1693360289660937216,6,0.9582621661887136,0.4935855606420676
1693360289769412608,6,0.4134918570041257,0.9638323838110106
1693360289877576448,6,0.6068521708507137,-0.47288531912394327
1693360289986079744,6,-0.2595429962200744,0.8001057196483883
1693360290094736640,6,0.8738443439410002,-0.3596905538384749
1693360290202836992,6,-0.28585165624260256,0.9161821856081345
1693360290311021312,6,-0.7310143959274509,0.7198893998182994
1693360290419569664,6,0.9725115850930632,-0.506209287113591
1693360290527716096,6,0.07655084995863537,-0.7424706504252345
1693360290644220416,6,0.9620220499855197,0.5684372184500726
1693360290752767488,6,0.014907668655423922,-0.048524580368997094
1693360290861013504,6,-0.373030437457448,0.6145071361406707
1693360290969377792,6,0.2081831727597776,0.44021249336515034
1693360291077705216,6,0.4351290718040537,0.28993192280073465
1693360291186321408,6,0.10814565153535494,0.9701541695589393
1693360291294368768,6,-0.06942712859610567,0.1485183065625042
1693360291402729472,6,-0.8935970893466643,0.23761188146279677
1693360291511061504,6,-0.005734107031480695,-0.1276314993998744
1693360291627708928,6,0.9063280224172561,-0.6573176380676751
1693360291736259584,6,0.11991745901805562,0.1179920829873915
1693360291844320512,6,-0.8849084690832849,-0.3047937977816695
1693360291952879616,6,0.735154296551779,-0.704239754918563
1693360292060988416,6,0.36401401988286186,-0.8691744811127449
1693360292169516800,6,0.4377375882281418,0.1395072527529606
1693360292277795840,6,0.8947022541840215,0.4555210028227712
1693360292386266112,6,0.4272243767639772,-0.018380367296486844
1693360292494414336,6,0.4084356392080364,0.8854963054263112
1693360292602863872,6,0.9724131881631317,-0.5695917209714529
1693360292711080960,6,-0.09577655330560697,0.07679140116581262
1693360292827686912,6,0.34933524287732043,-0.338933509102995
1693360292936084224,6,0.1397147297623207,0.7519373969428975
1693360293044392960,6,0.8925355733505189,-0.7115338628545367
1693360293152900096,6,0.07922522694138512,0.36264345924366204
1693360293261070080,6,-0.37108281459310555,-0.9864493165777846
1693360293369548288,6,0.21918886978880936,0.42422742775777444
1693360293481831680,6,-0.28330097217190753,-0.7606332335677608
1693360293590259200,6,0.9547076980920641,0.22770091986102958
1693360293698440704,6,0.05954395851062877,0.4607606852234485
1693360293807030784,6,0.4651126741561138,-0.5024009349974701
1693360293915088640,6,0.20305093785724337,0.5176420061229197
1693360294023511296,6,-0.6413183683791845,-0.6375238145964213
1693360294131985920,6,0.2988140274409379,-0.01004989849527016
1693360294240220416,6,-0.7609998087318226,-0.8217885480201033
1693360294348515840,6,0.8922942787938606,0.14800577910138069
1693360294465336576,6,0.8980597806774535,-0.22509771876165363
1693360294565142528,6,-0.1848516258405044,0.3928301107050114
1693360294681815040,6,-0.7229809932818183,-0.3134093257339359
1693360294790098688,6,-0.8082734001994822,-0.28968609605117224
1693360294898489344,6,0.41452590272368317,0.7581290640237053
1693360295006813696,6,-0.0006363527367341248,-0.630867238931275
1693360295115161600,6,-0.19714449047137372,-0.5467195905566116
1693360295223553024,6,0.9712720460776278,0.26601465167952165
1693360295331910400,6,-0.32055965882945836,0.5036307736341339
1693360295440198912,6,0.047734547522184645,-0.9591984766825847
1693360295548623616,6,0.21231885345132473,0.9640202456284819
1693360295656886272,6,-0.8817075985266256,-0.2537060365752828
1693360295765247488,6,-0.6629737764339314,0.9271995124985086
1693360295873587712,6,0.0582419337716471,-0.9906779478958301
1693360295981901568,6,-0.23049295982325257,-0.944692882894901
1693360296090615552,6,0.810290091754178,0.12672940455132742
1693360296206814464,6,0.7187172482816759,0.9114234026132964
1693360296315399680,6,-0.6230358088540771,0.2417447939247095
1693360296423798272,6,-0.6364265898583235,-0.5632522854838615
1693360296531885824,6,-0.3095040753935907,0.744194189953522
1693360296640270848,6,0.8252292596499795,0.19943661055219608
1693360296748660224,6,0.14797002340746346,0.782873532782459
1693360296857159680,6,0.41273513206799395,0.7593438889381827
1693360296965323520,6,-0.6450159772138488,-0.7023004917150517
1693360297073714432,6,0.6379908985660441,-0.9393166657971947
1693360297182002176,6,-0.9224514374838317,0.07517969441761863
1693360297290324736,6,0.9160627393968026,0.8814080226463537
1693360297406882048,6,0.6144096692539447,-0.37666930355083195
1693360297515352832,6,-0.4171381129656,-0.3018919574762575
1693360297623640064,6,-0.6391664804502379,0.03697769593276523
1693360297732261888,6,0.8004612043458457,-0.004697901112441949
1693360297840517632,6,0.20700673990328022,0.9946838112651051
1693360297948719104,6,0.8399982800691825,0.8756365247766238
1693360298065220352,6,0.8572129407299756,0.09596086787834945
1693360298173646592,6,-0.22230831110384108,-0.10412883841974896
1693360298273642496,6,-0.767236744333728,0.10892368950640519
1693360298382081536,6,-0.3233121149804865,-0.2686129787358438
1693360298498588416,6,-0.5210972881259464,0.6351710035021327
1693360298607041024,6,-0.6233196289233274,-0.19143061277880702
1693360298715290624,6,-0.28335718723201486,0.8332210031501297
1693360298823672320,6,0.8422492963138728,0.6218147254526818
1693360298932118784,6,0.8193361261436345,0.4152748697193194
1693360299040300800,6,0.678124406801659,-0.8024392597708978
1693360299156909568,6,0.039687605067394216,0.3270251997531075
1693360299265378816,6,-0.35889387262065675,0.054674976512740336
1693360299373974016,6,0.15017358514973367,0.06385136427987836
1693360299482004480,6,-0.21163016919905742,0.09276224141118683
1693360299590409728,6,-0.5981358247613675,-0.3593671599704673
1693360299707056128,6,-0.10419085974212572,-0.6039169685101637
1693360299815347968,6,0.8884945605149757,-0.1473616003358651
1693360299923613184,6,-0.1297223511775294,-0.835222222053031
1693360300032246272,6,-0.9523316995614857,-0.7913629960788118
1693360300140420608,6,0.12250598496354348,0.2193264721156456
1693360300248788480,6,-0.3882048353908272,0.9845747170799963
1693360300357160960,6,0.541481543886571,0.5416854721911608
1693360300473777152,6,0.39780330740087533,0.05510025965060583
1693360300582007040,6,-0.9167349161493943,0.8935597105203195
1693360300690381312,6,-0.38576033872228077,0.1749397180654313
1693360300798945536,6,0.800552689601107,0.08557406326172878
1693360300907056128,6,0.28186485638698366,0.4785141057961586
1693360301015697152,6,0.06858426374142024,-0.9055849020664664
1693360301123817216,6,-0.39410815559474544,-0.6235219783817887
1693360301240448256,6,0.9283742239738058,-0.895129489544837
1693360301348694528,6,0.6507885110998952,0.7474104081661113
1693360301457016320,6,0.4770801739152495,0.04796887709529396
1693360301565554688,6,-0.643419764805651,-0.2583521503041182
1693360301673723648,6,0.3983662284124001,0.8213242026342922
1693360301782152192,6,-0.8026985308940151,0.8999286023632493
1693360301898729472,6,0.7847121539945474,0.42482115805611786
1693360302007083008,6,-0.8540730369979952,-0.5927835331071138
1693360302115327488,6,-0.5865261171587508,0.28084228356207963
1693360302224099584,6,-0.9688145809585769,0.8441726771218885
1693360302332153344,6,-0.5879403218579189,0.37877904052035527
1693360302440502272,6,0.8486244721776497,-0.990522430771652
1693360302557046016,6,-0.519225229925004,0.6272754954583195
1693360302665484800,6,0.6626080770902438,0.9688039299407265
1693360302773843712,6,0.9741709886478747,0.653144422596273
1693360302882192640,6,-0.2564324450852917,0.6755746215873768
1693360302990383872,6,-0.9104864276062103,-0.716661161202913
1693360303098876928,6,-0.5076536741589943,0.33706561115660194
1693360303207068416,6,0.7638895798054006,-0.15431879937059123
1693360303315453440,6,0.1410794661964836,0.7274867579652042
1693360303423816704,6,0.25238082274406026,-0.5902474382479075
1693360303540437504,6,0.7573620923360638,0.4732671367188719
1693360303648829184,6,-0.4547701268016786,0.38056251421909626
1693360303757084160,6,-0.1682252612180275,-0.17272029255134225
1693360303865493504,6,-0.4438266330564882,0.8021516083105877
1693360303973852416,6,0.633449282932659,-0.02356701711676301
1693360304082121728,6,0.20025925353809737,0.25307419437949563
1693360304190530816,6,-0.20906305250824486,0.39200353275428124
1693360304307249152,6,-0.10174359189140447,0.32592606081812625
1693360304415486208,6,-0.5540508170347758,0.27519411019057594
1693360304523966208,6,-0.7694431966703561,0.8044342814563221
1693360304632110080,6,-0.022926389180119244,-0.6332828769543812
1693360304740611584,6,-0.34524287034024703,0.887006249131157
1693360304848937472,6,-0.4870016730529487,0.3618112014982606
1693360304957270784,6,0.8612386389824633,-0.2035909252642576
1693360305073835008,6,0.07252017090378637,-0.4305903486086713
1693360305182273280,6,0.14021666737644645,-0.7830158954711366
1693360305290435328,6,-0.7611985892816449,0.6457549614548628
1693360305399133952,6,0.7680531174261287,0.9004181487337211
1693360305515416064,6,0.10949997375092346,-0.004065570223507731
1693360305623867136,6,-0.7457699400450952,0.9911169266059277
1693360305732142336,6,-0.06208602370590288,-0.7813122106878962
1693360305840772352,6,-0.5427098417575471,0.6661894677290894
1693360305948803584,6,-0.6310433434902427,0.5250828220489141
1693360306057145344,6,0.6128182272225673,-0.5164963091023471
1693360306165976832,6,0.23064165370020118,-0.12378287705263014
1693360306274012672,6,-0.7144825839694766,0.19400295271168
1693360306382512384,6,-0.9178961863685138,0.8672311828079713
1693360306490597120,6,0.5335803624169171,-0.6220611517347514
1693360306599024640,6,-0.5791372846825398,-0.36415737802151016
1693360306715458816,6,0.13760270199494262,0.8971788309918423
1693360306823794176,6,-0.3173050156312056,0.9008287973821485
1693360306932259840,6,0.8436795499254615,-0.2997655650670019
1693360307048852480,6,-0.5987014040118037,0.2882703402106188
1693360307157135360,6,-0.21737627118774738,-0.6938049652156042
1693360307265531392,6,-0.41638880214699214,-0.8727012392098368
1693360307373789184,6,-0.6320736761806365,-0.6113218168036845
1693360307490627072,6,0.31602443339200437,-0.12225681505635877
1693360307598851584,6,0.7426746255238428,-0.8612342351165072
1693360307707265792,6,-0.5084477573385828,0.05711320471475312
1693360307815572224,6,0.11370626332011802,-0.7132730998527506
1693360307923985152,6,0.9283530759446852,-0.886573745140943
1693360308032466688,6,0.3695256570746204,-0.180151663451682
1693360308140747264,6,0.06854753222259591,0.23717245043042978
1693360308249061632,6,-0.6601695161450005,0.8656011271723547
1693360308365584896,6,-0.2592557066912946,-0.7130270465982018
1693360308465831680,6,-0.7924148040366679,-0.5326760708406328
1693360308582302720,6,-0.23757322127489822,0.12542331305768384
1693360308690635520,6,0.6274121312428602,0.5373908663832363
1693360308799061760,6,-0.7607158145755082,-0.5509638523731195
1693360308907321856,6,0.2565731858491185,0.12727751650784214
1693360309015631360,6,-0.8521519747407236,0.2977252576350926
1693360309124346368,6,0.8216229152147208,0.8744218732638935
1693360309240810240,6,0.2895803062029889,-0.4350630985854569
1693360309349111808,6,0.23209818283866546,-0.10065758362053234
1693360309457618432,6,0.4961388146529948,0.36576234535220764
1693360309565792512,6,0.2252170033759222,-0.3097074928860204
1693360309674234368,6,0.9759549593433374,-0.09003143788681811
1693360309782317312,6,0.8388530447867029,-0.6937241635587337
1693360309899009024,6,0.07290935336715432,-0.27972970569372424
1693360309999163648,6,-0.711185197727926,0.27418642835287055
1693360310107420672,6,-0.6512936806225824,0.934740012712058
1693360310215867136,6,0.9982809611739358,0.7638749802159763
1693360310324210688,6,-0.26384380847207356,-0.958125748757473
1693360310432776960,6,0.6109009578802833,-0.7120324515915679
1693360310540676608,6,-0.08013586088461522,0.42137165188498815
1693360310649154048,6,0.08299705165153215,-0.5460287781433857
1693360310757522944,6,-0.19553810171746888,0.6802706960812197
1693360310865656064,6,-0.29411725389807053,0.8837621868519836
1693360310974110464,6,-0.1577186899837586,-0.16454874782887807
1693360311090855424,6,0.46689858216511904,-0.11221422326007291
1693360311199363328,6,-0.223114289886994,-0.27287947628198084
1693360311307382784,6,-0.34797803066114463,-0.20223387877472243
1693360311415747584,6,0.44661542072797955,-0.5881698392926586
1693360311524233216,6,-0.5660813791663966,-0.6180698488893124
1693360311632428032,6,-0.6107961245178433,0.7472122718290506
1693360311741235200,6,0.3186519560832646,0.2377525026115015
1693360311849147136,6,0.8007086584475029,0.0964110324150127
1693360311957743360,6,0.52795315969107,-0.18358382024144193
1693360312074238720,6,0.28800009648351343,-0.572972634541548
1693360312182492672,6,-0.7173370201851064,-0.7826996364768044
1693360312290774016,6,0.30447488207101525,-0.3993594511646621
1693360312399139328,6,0.6657757901509529,0.5491553227619963
1693360312507509504,6,0.24719218033727763,-0.8982285827486256
1693360312615969792,6,-0.5656437227475175,0.10338614717013606
1693360312724141312,6,-0.686561306422182,-0.2314189979862873
1693360312832535296,6,0.035001716491338764,-0.6393695333123315
1693360312940826880,6,-0.11403931641823961,0.3879392177828145
1693360313057406208,6,-0.2280586575360164,0.33398707467825384
1693360313165743616,6,-0.4533600362594046,0.49194339931950215
1693360313274246400,6,0.1267280097192529,-0.6882886344009915
1693360313382635264,6,-0.19624703265623555,0.5637178242331267
1693360313490760448,6,-0.6043805010514967,-0.17742053692801774
1693360313599158272,6,-0.06284047297092576,0.7360601982245696
1693360313707517184,5,-0.7388898318615518,0.8625049365562942
1693360313816096000,5,-0.36757079347434596,0.8660404348878952
1693360313924112384,5,0.2246497948555366,0.4706352446688058
1693360314032594944,5,0.7518331413761024,0.3523788168588966
1693360314140782336,5,0.5739245126449919,-0.8284998830934456
1693360314249688576,5,-0.9826626342509421,0.7244985382178983
1693360314365885696,5,-0.8944945882035997,0.7052018506817068
1693360314474228224,5,-0.3734122375911082,0.8036075138553433
1693360314582526976,5,-0.5939858594002678,-0.6987941271371159
1693360314690874112,5,-0.5739762886231865,0.6813570270839793
1693360314799163392,5,-0.27411987448883535,0.8184912102743986
1693360314907554560,5,0.16689704216294188,0.6565090186389837
1693360315015860480,5,-0.04982533546357204,0.40720643364217857
1693360315124209664,5,-0.42051790202795747,-0.7970010220656407
1693360315232586496,5,0.12377511203009472,0.8016341161811549
1693360315340929024,5,-0.6959662115088592,-0.16962826075493598
1693360315449290752,5,0.06461036071526238,0.2365777851593478
1693360315557608960,5,-0.6834391569843283,0.10464241547409414
1693360315665815296,5,-0.06086464673485459,0.9666060400193126
1693360315774485504,5,0.3799274243115589,0.807303223749843
1693360315891032320,5,0.9522494541609352,0.3277381799429926
1693360315999224320,5,-0.706707419318187,-0.11019222293691455
1693360316107988480,5,0.5113470262196413,-0.7288025188411504
1693360316215883520,5,-0.23810171376447253,-0.24126049165606434
1693360316324388608,5,-0.6590840851196931,-0.9600917609605883
1693360316432612608,5,0.3762429950799502,0.6359034085629018
1693360316540999424,5,0.8618843621155099,0.16978240865335237
1693360316649297408,5,-0.6363326691488413,0.7879760864355663
1693360316757652480,5,0.9405934138859364,0.8932081561053056
1693360316874352384,5,0.13356601214153785,0.7712077251043414
1693360316982667520,5,0.9756305975468531,0.7729814107711339
1693360317082615808,5,-0.8622200164610823,-0.7301131989951268
1693360317191310592,5,-0.399790917674107,-0.2127684963231682
1693360317307669248,5,-0.7010280026350646,0.9857936044786701
1693360317416008960,5,0.5819350773157834,0.33780773277777154
1693360317524338688,5,0.9231502210233027,-0.3586028323717496
1693360317632644352,5,0.4228163628694692,0.8975235489990898
1693360317741163776,5,-0.8338546104027056,0.20562511658029115
1693360317849348352,5,0.5986353381685896,-0.9680889305194886
1693360317957949696,5,0.7820953963745048,-0.16452267778364127
1693360318066007040,6,-0.661879683059216,0.7025056519018973
1693360318174817024,6,-0.6159537060048761,-0.4395083191687408
1693360318291037184,6,0.04086321449696806,0.8318501118338755
1693360318399461376,6,-0.020781899711973306,0.8116333062482166
1693360318507712000,6,-0.8959778599529697,-0.522392143301444
1693360318616038400,6,-0.3867277612818274,-0.10213786369332789
1693360318724372480,6,-0.134100655652317,-0.9190885234946529
1693360318832771584,6,0.49999524645651405,0.5195301272972432
1693360318941102336,6,-0.08382495255156575,-0.839511627958434
1693360319049282816,6,0.10254822718164025,-0.7387002874606845
1693360319157841408,6,0.9564973253987006,0.24833931044754198
1693360319266383104,6,0.4692825313456743,-0.9615756824208728
1693360319374489600,6,-0.2386577695661427,0.809069640489235
1693360319491091968,6,-0.23996613340978135,-0.9280336842642982
1693360319599369728,6,0.34380783543413407,0.3937121834627084
1693360319707795200,6,-0.3287301753939109,0.6062920616952212
1693360319816062976,6,0.7072533219106951,0.568240708478007
1693360319924517888,6,-0.18560992617487138,-0.31574262481421056
1693360320032836352,6,0.8858125112390383,0.4382342139123072
1693360320149542144,6,0.10476529885684593,-0.022339161013944064
1693360320257713920,6,-0.4666549401982707,0.8267147012036176
1693360320366089472,6,0.8375522296400058,-0.8304093956131464
1693360320466026240,6,0.3324451880654944,-0.36277215389193396
1693360320574774016,6,0.017582563993620015,-0.7729494568257413
1693360320691263488,6,0.6215101648647461,0.6124533081362151
1693360320799436032,6,-0.7859007828986493,-0.8511707458331106
1693360320908075520,6,-0.2532234182214861,-0.6919877443923235
1693360321016401920,6,0.6029141133568483,0.5577533556131582
1693360321124500736,6,0.7273807983906797,-0.9807095121874345
1693360321241174272,6,-0.9731055537387205,0.6139724901487649
1693360321349577216,6,0.7403191910521898,0.2349213372227963
1693360321458084096,6,-0.6875124188847108,0.2522527570373465
1693360321557859840,6,0.7426987583802602,-0.07847400559480633
1693360321674425600,6,0.7468028713896964,0.5722632656237194
1693360321782891264,6,-0.7883345244442646,-0.7560432097887038
1693360321891286784,6,0.40829526094667523,-0.6009573799669421
1693360321999548160,6,0.49212816248181346,-0.8376888009075105
1693360322107907072,6,-0.8165922355911972,0.9027838422594356
1693360322216217600,6,-0.992317729697088,0.5831854594588428
1693360322324595456,6,-0.5338485060599589,-0.9000027370903019
1693360322432873216,6,-0.8411760868593909,-0.3591900970719497
1693360322541693440,6,0.05866696227548385,-0.04791178081108738
1693360322657913344,6,-0.6054004921281693,0.9758591576710398
1693360322758167552,6,0.21091565052083094,-0.6278702397762173
1693360322866313728,6,-0.4238730112975131,0.35231866824346847
1693360322982989568,6,0.7300164529815156,-0.877467312775309
1693360323091181568,6,-0.630144305414194,-0.9873732167548195
1693360323199665408,6,-0.6482981745274312,-0.6045590003838899
1693360323307901952,6,-0.7122144568238162,0.08399687074771633
1693360323416634880,6,0.9454474328360793,0.3999340403677567
1693360323524731392,6,0.40573618950942936,-0.8484404804080947
1693360323633232384,6,-0.6259038917926505,-0.357189107592609
1693360323741327360,6,0.9839608256178429,-0.6751528472502832
1693360323849599232,6,0.27059384936154474,0.18461640621303754
1693360323958533888,6,0.20310792941275202,0.013308907160088035
1693360324066431744,6,-0.4291939702889589,-0.14695338530913316
1693360324175143424,6,0.6489371410721396,0.4708863085623187
1693360324291469312,6,0.06110169003878618,0.30968433455461364
1693360324400002816,6,0.936278085165188,-0.49666365561710113
1693360324508155904,6,0.5085941875169302,-0.8706933250781959
1693360324616516608,6,-0.8744340465378309,-0.31155349459210857
1693360324724783616,6,0.465828360027134,0.23969077699855146
1693360324833251584,4,0.6354070220901784,-0.8400967765743284
1693360324941448704,4,0.5288676157391023,0.43221942254799606
1693360325049877248,4,-0.9760021123712115,0.488537396110611
1693360325158202624,4,-0.8235366297006899,0.17627724664488587
1693360325274799104,4,0.8326667683493594,-0.27704042646175675
1693360325383324416,4,0.3621616304741331,0.3563911014690413
1693360325491651072,4,-0.8682423745214771,-0.47512539137677967
1693360325599831296,4,0.6794503527740237,-0.09842609825562665
1693360325708143104,4,0.4843852938855493,-0.03910238488847928
1693360325816997376,4,-0.0006101384722119185,0.5268249584598459
1693360325924823552,4,-0.37305065176014773,0.9981948546315633
1693360326033420800,4,-0.6194298978431281,0.17445825294484107
1693360326141539328,4,-0.914601032572022,-0.29421007022660395
1693360326250134016,4,-0.07011036753692257,-0.07671956234622357
1693360326366510080,4,0.8468920409120864,0.6929632119121123
1693360326474758912,4,0.9445521295553696,-0.07275228398021572
1693360326583066880,4,0.7981791416465129,-0.09564718376569692
1693360326691654144,4,-0.7158342191895963,0.5011041668886567
1693360326799770368,4,-0.1608056731576606,-0.9510403592383601
1693360326908240384,4,-0.7211359472831294,-0.3665530028722086
1693360327016664064,4,0.979524267766632,0.26438607498085376
1693360327124802048,4,-0.20116349509790465,-0.9720996702554634
1693360327233078528,4,0.5827502134055613,0.3235441432202206
1693360327342085888,4,-0.654440102710744,0.18587432721321173
1693360327458186496,4,-0.6321807620377276,-0.8103075919093288
1693360327566458880,4,-0.21741671156453757,-0.7002003450559069
1693360327674901504,4,-0.3253695637321996,-0.9566386565965053
1693360327783244288,4,-0.21553620460158096,-0.3929557378623165
1693360327891882240,4,0.9103915222557581,0.09865726944311848
1693360328000027904,4,-0.5445214183636597,-0.026930457251891582
1693360328108344832,4,0.4474584087600839,-0.13428751475948753
1693360328216526080,4,0.8946617819606824,-0.680358700642852
1693360328324915968,4,0.9381998280553401,-0.8804791666065246
1693360328441614336,4,0.9228788332046791,-0.8661878414012445
1693360328550011648,4,-0.35343499919736243,-0.04659949827465937
1693360328658173696,4,-0.42135628847065876,-0.5296951604073838
1693360328766916352,4,0.8866759761308369,0.6072440924704647
1693360328874919424,4,-0.16730917259295475,-0.9740648127070559
1693360328983304704,4,-0.38398464573161895,-0.6827952066275402
1693360329091547648,4,0.26091807053404925,0.3681151363027122
1693360329200064512,4,-0.14200513643582524,-0.7563052237165597
1693360329308342272,4,-0.7411438445801033,-0.43620575456176347
1693360329416828160,4,0.4495135005318327,0.614248569138564
1693360329533592064,4,0.728195073129736,-0.2608649199407149
1693360329641708032,4,0.9408614109981512,-0.8737500158293579
1693360329750302208,4,-0.10584358319627474,-0.16599884262517328
1693360329858409216,4,-0.5810880222234616,-0.34759876596507766
1693360329966936320,4,-0.5331233008184117,0.7437475607179711
1693360330075011584,4,-0.37492591688228516,0.8314758226549621
1693360330183311872,4,0.9450557451872181,0.573612276919653
1693360330291681536,4,0.1099914959185917,0.15443959524956363
1693360330399931904,4,-0.33787855955467316,-0.6112444564423589
1693360330516651520,4,-0.7457343047041611,-0.3563344958186878
1693360330624926976,4,0.2653634633462869,0.9422713653949031
1693360330733419776,4,-0.5421465976818669,0.18566956534068457
1693360330841654784,4,-0.5259642479818778,0.6393139697477082
1693360330950120704,4,-0.022824159811466682,-0.06049491628174408
1693360331058411776,4,-0.9612054182073468,0.021920932542207172
1693360331166718720,4,-0.8088346811511615,0.5003846458845653
1693360331275010304,4,0.24721399428926305,-0.8373846630865998
1693360331384035328,4,-0.018119045157890756,0.20519955307886795
1693360331491558144,4,0.7818211458197872,0.9165454913351956
1693360331600306688,4,-0.4679853608172322,-0.10103015021120809
1693360331716755968,4,0.5548664360222475,0.5825631584218991
1693360331816836352,4,-0.44757926893371924,-0.7138332819375031
1693360331933431040,4,0.695545565750588,-0.8819574941136401
1693360332033397504,4,-0.50682876671354,0.2661396414496484
1693360332150086400,4,-0.3455712444161063,0.6496735605694728
1693360332258254336,4,-0.03489375767293734,-0.7077596070813497
1693360332366814464,4,-0.45448486571509217,-0.35992866032276005
1693360332474987264,4,0.970569138440017,0.20954204921742514
1693360332583459840,4,0.07262033522215972,0.6482728840519276
1693360332691728896,4,0.29168315512232557,0.9154513913945728
1693360332800637184,4,0.19517437525214865,-0.759275163775391
1693360332908389888,4,0.46683983595017997,0.47098976201968923
1693360333025282816,4,-0.6101138364746841,0.5976969972868151
1693360333133278464,4,-0.4350874834026923,0.5814186092616453
1693360333241896192,4,-0.15401734857788552,0.6371730693087132
1693360333341885696,4,-0.9781719699773639,-0.47802424126505816
1693360333458471424,4,-0.7118807986959312,-0.9494326110359843
1693360333558483712,4,0.30326993232947985,0.5247472587439899
1693360333666951680,4,-0.8425806556845956,-0.07012103832070693
1693360333783467520,4,0.8196132480052076,-0.7047705136733489
1693360333891754752,4,0.2517797407808817,0.1105287247445943
1693360334000281088,4,0.1876901305338632,0.5169231342388243
1693360334100819200,4,-0.7845102558001433,-0.4528958878525611
1693360334216842496,4,-0.4481011003586548,0.4125934631607304
1693360334325167872,4,-0.09333303146417782,-0.6741978140699814
1693360334433649408,4,-0.7429286342441483,0.9122111203812988
1693360334541726976,4,-0.7521701149281341,0.7354753960153166
1693360334650203904,4,0.10515024478884794,-0.2623560109473342
1693360334758452224,4,-0.3694625372915814,0.4410024937246597
1693360334866763776,4,0.10025423803128675,0.25778067759066237
1693360334975171328,4,0.2926566351038846,-0.20892460379006828
1693360335083483648,4,-0.3467790691095285,0.6721466446002051
1693360335191755264,4,-0.9309320204910492,-0.4341821622250355
1693360335308382976,4,0.13123377794759516,0.1370592570212701
1693360335417081088,4,0.7665192263082916,-0.8882816326204439
1693360335525099008,4,0.43454046120739154,-0.736266486396244
1693360335633415424,4,-0.8722441952385198,-0.8642106929434623
1693360335741816832,4,-0.6968601479790626,0.04556116705211588
1693360335850342656,4,0.8802455770053534,-0.5299728052041024
1693360335958673152,4,0.509319131975128,0.9446388685268317
1693360336066792704,4,-0.32368390141191017,-0.1747164228026108
1693360336175389184,4,0.501701385819562,-0.01508859693169784
1693360336283618304,4,0.09022276196107937,0.04935868704844881
1693360336391906816,4,0.28363741620970795,-0.20801966347416334
1693360336500406784,4,-0.6900319822416081,0.645691902778651
1693360336608400896,4,0.6287283034213567,-0.10300370813816118
1693360336717022720,4,-0.7695017045324435,0.8228487501839556
1693360336833790208,4,-0.4784906174630501,-0.5214692494792614
1693360336942023936,4,0.2895171595144559,0.11536915636398182
1693360337050330624,4,-0.8950337969824291,0.6857863619519438
1693360337150351616,4,-0.548960261364382,-0.9152103358182926
1693360337258545664,4,-0.561998192093853,-0.534668699652463
1693360337367257344,4,-0.6947385079499928,0.7409662773858474
1693360337475651072,4,0.0011677491584272115,-0.35409949142448216
1693360337583851520,4,0.5119261538137583,0.3405260055632706
1693360337691899392,4,-0.9614885373376767,0.5310733510500103
1693360337800369664,4,-0.015545472152335593,0.3392841475418533
1693360337908661248,4,0.39424949012605404,0.10006216269674195
1693360338016880640,4,-0.9197399586420596,0.17933732324846963
1693360338125189632,4,-0.5823267813100519,0.1654783709565557
1693360338233742080,4,-0.9856952525767457,0.4036484223697696
1693360338341870080,4,0.16316643180917123,-0.2637635393567588
1693360338450297344,4,0.7971579407011966,-0.6716416418972391
1693360338558542592,4,-0.5744433380327247,0.07245996605381277
1693360338675308032,4,0.8304013256382909,0.4885077867327905
1693360338783701504,4,-0.43716570339133276,0.11252543887943878
1693360338892085248,4,0.021759247607287424,-0.6802733565148362
1693360339000438784,4,-0.5968281663332662,0.21523702526507105
1693360339108492288,4,-0.33102851814370715,-0.34588383290278735
1693360339217043456,4,-0.47931630324374974,-0.7616646788945403
1693360339325539584,4,-0.42923653942868456,-0.9423650436767423
1693360339433728768,4,0.206735714789253,0.3028172354675287
1693360339542415360,4,0.023610215932378997,-0.1886183589012913
1693360339658793728,4,-0.6303359253303187,-0.9166798235855691
1693360339767144192,4,0.6092716322351934,0.4856268157524397
1693360339875354112,4,0.7484686405298588,-0.5997147297895062
1693360339983963392,4,0.1404139509156721,0.49454607514455584
1693360340083835648,4,0.6658593966029556,0.348412665938473
1693360340200446208,4,0.7733043073603236,0.6357205853368431
1693360340308536576,4,-0.2781233569416439,-0.8912648909117269
1693360340417325312,4,0.2522352670104808,0.13369318679282816
1693360340525298176,4,0.7687608576351723,-0.4953348455308966
1693360340633767680,4,0.022198766824789606,-0.3801968691891382
1693360340750338560,4,-0.5671528901221277,-0.6381617060250342
1693360340858756864,4,-0.3321359722859756,-0.000814572769477051
1693360340967094528,4,0.4398842064823465,0.43993855010507676
1693360341075179520,4,-0.08423133217946477,-0.2184912174669955
1693360341183730688,4,0.5077172840424966,0.8416379018378592
1693360341291870976,4,-0.039648852335961715,0.19348074920985803
1693360341400485888,4,0.5900063512739717,0.33404862668155166
1693360341508680704,4,0.8756503499823576,-0.8446517494861736
1693360341617206528,4,-0.7854768204031535,-0.9994585237997562
1693360341725246976,4,-0.9376001265752802,-0.8999439201181236
1693360341834534912,4,-0.9775761820854678,-0.45153735682130725
1693360341941946624,4,-0.9999810412012555,-0.10987877277402713
1693360342050736896,4,0.4574964578168228,0.9224167936963914
1693360342158681856,4,-0.8055346600184168,-0.2639004705055261
1693360342267358976,4,0.2915442316351151,0.9418803963536866
1693360342375397888,4,0.4836929720110392,-0.25435806697458774
1693360342484095744,4,-0.44004263851810954,0.307251945471682
1693360342600549120,4,-0.405060145699327,-0.9300144925933824
1693360342708853248,4,-0.7598469659380598,-0.716323833722984
1693360342817076224,4,-0.08614470168760802,0.8644912822151476
1693360342925307392,4,0.9665661275469768,0.829132127831369
1693360343033890560,4,-0.7593499583094365,0.2734195700922686
1693360343141990912,4,0.9048499864612312,0.585525051211828
1693360343250593280,4,0.7605811347222784,0.8640863519386173
1693360343358686208,4,-0.6508374212034935,-0.7748264657542816
1693360343467214592,4,0.4496180599153461,-0.08951084509802198
1693360343575246592,4,0.7728800114956051,0.38983715411193387
1693360343683981056,4,-0.4537308920909937,-0.9548821046519769
1693360343792258816,4,0.12646130442209524,-0.8734323124373851
1693360343900668416,4,0.3836030386879272,-0.5690488507575131
1693360344008668672,4,-0.20492212954134859,-0.24514995470794876
1693360344117440512,4,-0.9256776646163549,-0.13502495243473045
1693360344226070016,4,-0.0685968337591849,-0.6499542150958313
1693360344342199808,4,-0.9734618726855415,0.794816226423289
1693360344450555136,4,0.3132200548501347,0.9188577647437608
1693360344558885376,4,0.7527516526106435,0.419803489470014
1693360344667213312,4,0.4377416741724487,-0.5946027368017881
1693360344775450112,4,-0.46543112360815897,0.3424851189846163
1693360344884020480,4,0.9263792167900735,-0.6238603705939876
1693360344992155392,4,0.37935040068610193,0.620707854657599
1693360345100609280,4,0.9916749097434017,-0.911753790475117
1693360345208817664,4,0.12642393760967963,0.7139964317581726
1693360345325520384,4,0.11788879263619223,0.4058938695270957
1693360345433967616,4,0.5839275454211366,0.43113864732468965
1693360345542347776,4,0.4850519306554575,-0.4269657825822415
1693360345650718208,4,-0.8231680006079514,-0.2654056928119439
1693360345758677760,4,0.641428403146195,0.08918148523412217
1693360345867545344,4,-0.2534650764077704,0.8036417867432872
1693360345975412480,4,0.4523972056958683,0.0815340302243186
1693360346084187136,4,-0.3585775236011304,0.27862836937290036
1693360346192319744,4,-0.18599670866187323,0.1604235828187941
1693360346300889600,4,-0.25578016836219786,0.9670255831992196
1693360346409488640,4,0.5346265776820411,-0.7047336278225858
1693360346517530624,4,0.3453158848234894,0.7788581623809139
1693360346625834240,4,0.3514213940839259,-0.1843484437416667
1693360346734406912,4,0.9227728311972518,-0.8271088808454292
1693360346842416384,4,-0.4935993867401429,-0.7247170160292973
1693360346951020544,4,0.8494381511013014,0.29092828134529536
1693360347059305984,4,-0.09846251079882218,0.07842358740866118
1693360347175832064,4,0.36067533737832513,0.7794818139486868
1693360347284412672,4,-0.3130924775249828,0.836597366030686
1693360347392416768,4,0.9654281828561844,-0.7098990142525354
1693360347501161216,4,-0.3167002418605829,0.2653948937656445
1693360347609216000,4,0.48958778618913823,0.702195715885394
1693360347717736704,4,0.14738518207551965,0.9544639560022683
1693360347826025216,4,0.5845555991800544,0.6493710084738553
1693360347934746624,4,-0.20729964849735216,0.646886742397786
1693360348042507264,4,0.7614460306149713,0.9810078665820305
1693360348151448576,4,0.08799347344008712,0.03913769280635271
1693360348268476160,4,0.1509291828280761,-0.4905656734927706
1693360348368146944,4,0.10089712835307307,0.884579720567195
1693360348476805120,4,0.4794225279507387,0.368021379556551
1693360348584743424,4,0.5754484882190782,-0.021640015886406072
1693360348692887552,4,-0.34902540248848957,0.6729375689761785
1693360348809500160,4,-0.2533557482294635,0.8738561331474857
1693360348918184704,4,0.04624205316442076,0.6387217997431713
1693360349026147072,4,-0.561857155307838,-0.2977312840547217
1693360349134884352,4,-0.18400310445128487,0.5031310318105009
1693360349243350528,4,-0.7871467437473714,0.28093869453522946
1693360349351684352,4,-0.09269182152001298,0.6686985596111839
1693360349459891200,4,0.7904687040048677,-0.6233377349942641
1693360349568873216,4,-0.9988077596845697,0.5871879900884696
1693360349676922880,4,0.00902217328451882,-0.7843982652544541
1693360349785477888,4,-0.7112889004373,-0.855586652533153
1693360349893497088,4,0.9002212033652652,-0.5163333005338824
1693360350002397184,4,-0.18776025916848194,0.6504639120287301
1693360350110266624,4,0.08393376526606988,-0.8068255491323686
1693360350226835712,4,0.6289887009711053,-0.9529887733426692
1693360350335434752,4,-0.9378051117690791,-0.7578489302532763
1693360350443652096,4,-0.6285717662027985,0.5521357011866794
1693360350552249600,4,-0.8573276986625515,-0.49313219707311173
1693360350660344576,4,0.9020253139578243,-0.156164944993338
1693360350769425920,4,-0.28497142103932727,-0.19399838133799374
1693360350877092864,4,0.39563702937306244,-0.3995690443639519
1693360350986118656,4,-0.22450537420934547,-0.5831031903060286
1693360351094002176,4,-0.14295223922643419,0.1793815928631377
1693360351202606592,4,-0.043121030401891636,0.22960635413730413
1693360351310626304,4,-0.9162502336633591,-0.01733306084553221
1693360351419670784,4,-0.9369639232755476,-0.36073630524431244
1693360351535930368,4,-0.9379193595680271,0.40126300563808504
1693360351636086784,4,0.7223497450028618,-0.23248945544782362
1693360351744110336,4,0.07803460612576285,-0.8039863642647616
1693360351860820480,4,0.37718228380567886,0.24046344877236692
1693360351969390848,4,-0.29789015726562895,0.9427247000463033
1693360352077390080,4,-0.019383072932983803,-0.9453437420730697
1693360352186275328,4,-0.9226568495814762,-0.025103200092174704
1693360352294332160,4,0.8117508305136654,-0.05025642734532987
1693360352402833920,4,0.08746990698648749,-0.8340706341655626
1693360352511365632,4,0.44855727002963497,0.43121697949318305
1693360352620039424,4,0.8446217789352777,-0.09062760502321865
1693360352727809792,4,0.49810444321308567,-0.5172427206693779
1693360352836759040,4,0.9680004934859201,-0.9313157003689929
1693360352953289216,4,-0.38037284385225534,0.554327543140055
1693360353061363968,4,0.7092843868017045,-0.5668892917973214
1693360353169787648,4,-0.1787858144200778,-0.9794120984699759
1693360353278071296,4,-0.7432316900278768,0.7254333745724362
1693360353386451456,4,0.5616698120271524,0.8710763678892632
1693360353494770944,4,-0.1111400564149081,0.004145222622651934
1693360353603201024,4,-0.07364004440991367,0.39426209874525586
1693360353711827712,4,-0.2236437827153852,0.849960946078046
1693360353820124672,4,0.3074046332289415,-0.9025702438771084
1693360353928532992,4,0.17132212396962276,0.39643312270546427
1693360354036916480,4,-0.017801997454186314,0.8045234896499802
1693360354153622016,4,-0.41322104851074437,-0.6745076322582888
1693360354262237184,4,-0.4194266855549762,-0.33716879149181245
1693360354370902528,4,-0.780650858777652,-0.6904076193486934
1693360354471056896,4,0.6747488688948846,-0.6017538386263521
1693360354586275584,4,-0.02750509606238216,-0.9886150004371455
1693360354694685952,4,0.5514802298624928,0.6136053152959275
1693360354803031040,4,0.810819926509732,0.5449253376829566
1693360354911327744,4,-0.9122506484050061,-0.6346444007244312
1693360355020339200,4,-0.3198591788773897,0.36606627082183674
1693360355128914688,4,0.691076837380991,-0.5425349516596207
1693360355237197056,4,-0.11066717194887254,0.4015600524550844
1693360355353917184,4,0.8233103918446532,-0.7969245588118841
1693360355462441472,4,-0.7215893844962269,0.48071278600092127
1693360355571143936,4,0.8933448583663399,0.12554150855061708
1693360355679409408,4,-0.1238054112174265,-0.2666487128386297
1693360355787815936,4,0.39784239873250504,-0.9589247896014332
1693360355896088832,4,0.05035044100417885,0.3876241798443838
1693360356004462080,4,0.26966399764246685,-0.7873437789287481
1693360356121113600,4,-0.05268399367426557,-0.4421955878095163
1693360356229831680,4,0.11456311795186624,-0.15548953314217107
1693360356338672896,4,-0.8696493195408144,-0.4744488466116634
1693360356446538496,4,0.8973240653381096,-0.2847148258294834
1693360356555346688,4,-0.19734605391154347,0.8385489023213379
1693360356663520000,4,0.8132324804047906,0.7510659566153179
1693360356764217088,4,-0.757978245256703,-0.6760093556884301
1693360356880509184,4,0.14084124843464352,0.32928189928109997
1693360356981210368,4,-0.10779576510396671,0.9930408827352357
1693360357089351424,4,-0.2533662683163811,-0.473986633451585
1693360357198064640,4,-0.866362229423741,0.579996327404122
1693360357306253824,4,-0.6289796295446082,-0.17348846620545055
1693360357415429120,4,0.11933316349619272,-0.5355034142367949
1693360357523660544,4,-0.7052255377122298,-0.7335703559720197
1693360357632017408,4,0.4029478041933441,-0.9776127581021405
1693360357741154816,4,-0.88001202776736,0.5761741848612638
1693360357849103104,4,-0.7744948338782323,0.33182238438557854
1693360357965816576,4,0.171145700373043,-0.9822850182154159
1693360358074892032,4,0.7607692899027725,-0.7258764159749569
1693360358183079168,4,0.8414633161377332,0.7211713713465506
1693360358291761408,4,0.6024505825871385,-0.6226659765238114
1693360358400039168,4,-0.05048089506811748,-0.04253129342015849
1693360358500282112,4,-0.8019059721765225,-0.22428492377649945
1693360358616722944,4,0.2667931262706189,0.08280566124160282
1693360358725428992,4,0.6077399115401287,-0.7077752103346238
1693360358833923840,4,-0.7460888347350714,0.019735785505214487
1693360358942725888,4,0.7223709487992229,-0.8640119660245122
1693360359051048704,4,0.026769175974531656,0.9747234295694542
1693360359168112384,4,0.13231481857199534,-0.505864357546852
1693360359268167680,4,0.5068274947033615,0.6795418951753303
1693360359376757248,4,-0.27655497286307007,-0.5493159021738823
1693360359485287168,4,-0.47506309440148686,-0.8806539661829034
1693360359594319616,4,-0.13625793095068794,0.7413374531341728
1693360359702427392,4,0.5612639992628818,-0.9446695269255982
1693360359811155456,4,0.3433119613900071,0.861559962834153
1693360359919993600,4,-0.21844754442828407,0.21287302429038935
1693360360027934464,4,0.7338708523619331,0.4972170130537137
1693360360137658112,4,-0.7453472989892096,0.22979155107420524
1693360360245660672,4,0.5809351877800715,0.7774882824202154
1693360360354566912,4,0.2920819203834413,0.5108603333733148
1693360360471014656,4,-0.6854297482767613,0.19795770229784382
1693360360579813888,4,-0.4247446433136839,0.5461983393886001
1693360360688196608,4,-0.1345169454839561,-0.9381719765466983
1693360360797177344,4,-0.867332047794958,-0.8303146704364663
1693360360905022720,4,0.7833009328998328,-0.7088724259597352
1693360361014025216,4,0.28280024290008154,-0.2609577435644057
1693360361122729984,4,-0.21346531389901835,-0.0709858141814641
1693360361222870016,4,0.6136227695149019,0.8342215320688877
1693360361339597824,4,-0.39300622289889353,0.07058190711283485
1693360361448096000,4,-0.3458244663577261,-0.38371627248259044
1693360361557362176,4,0.8969918857501726,0.02287992071788758
1693360361665458944,4,-0.22781229380640844,0.7423181062863424
1693360361774385920,4,0.3769033788079186,0.3904991233376811
1693360361882551040,4,0.8469079983559815,0.21040963529559775
1693360361991178496,4,0.32201765158498374,0.14797622169952596
1693360362100310016,4,-0.061343798978995556,-0.8180246101107587
1693360362211084800,4,-0.020648926865657558,-0.31517995100112106
1693360362327652096,4,0.033995160704354266,0.26273174677691413
1693360362436419584,4,-0.49681412236211653,-0.4635767499482504
1693360362544677376,4,-0.4574975986070706,-0.4221060783500401
1693360362653981184,4,0.027035820899042884,-0.3738967340168382
1693360362762412800,4,0.8116216409826926,0.8144352620752868
1693360362871369984,4,0.13202984916070948,-0.30297356885163973
1693360362980114944,4,-0.3873047353052119,0.6514704277366172
1693360363088849920,4,0.03534352296739973,-0.1769215125065724
1693360363198109184,4,-0.4721797019576952,-0.15230377510659965
1693360363306326272,4,0.31822225732136933,0.5366281064309735
1693360363414981120,4,0.78110079149743,-0.7214446544312774
1693360363531602176,4,0.5398180587341215,-0.4099694015090758
1693360363632250880,4,0.37420676180690005,-0.27702612113027225
1693360363748559872,4,0.0855518363848804,-0.3577150224974084
1693360363857186816,4,0.5960612813039188,0.1634980517642599
1693360363965523200,4,-0.6531687808452433,0.4491853970697899
1693360364074421504,4,0.7522913409987257,0.27719071875553025
1693360364182845440,4,-0.5885323494951242,0.5798900519824659
1693360364292386304,4,0.6607785275186906,-0.6338443325866274
1693360364400621824,4,0.294954669618271,-0.006088623777052549
1693360364510019840,4,-0.5087323726470734,-0.03131336395380724
1693360364619081472,4,-0.45851901274198426,0.13637877194701464
1693360364727720704,4,0.07481723042427646,-0.7073201648186787
1693360364836317184,4,0.21196751403883463,-0.49492861145095124
1693360364944632832,4,0.9330274071777167,0.6262290559810908
1693360365062457600,4,0.9677351324719334,-0.9934658547260404
1693360365171726848,4,-0.6221438227297191,0.8682439961256214
1693360365280311040,4,0.8556114210941732,-0.09047886826468998
1693360365389725440,4,0.9817075066364433,0.1671672138744329
1693360365499122688,4,-0.4458166731727362,0.13490728170414545
1693360365607985920,4,-0.6016199698194682,-0.8980139198664183
1693360365716512000,4,-0.14458540636133077,0.9633933229678808
1693360365824979712,4,0.19054354888318725,-0.04726369027536781
1693360365933693696,4,-0.22623061667171163,-0.7611104527156449
1693360366043332608,4,-0.6377905439895899,-0.2773301339130936
1693360366152008192,4,0.6025995760290321,-0.8909957104767172
1693360366261626624,4,0.6943494240981336,-0.44528795618621086
1693360366370290176,4,0.09698139928613059,-0.4631714205827995
1693360366479689728,4,0.5677412762625607,0.851495619759308
1693360366588623872,4,0.37344854210710343,-0.590214520097712
1693360366697748224,4,0.7826230773373983,0.13313467889845199
1693360366805984000,4,-0.9802878035391565,-0.32478821312135087
1693360366914904320,4,0.24872004567938966,-0.4456523912520991
1693360367023582720,4,-0.1403947138684949,-0.5390233364636063
1693360367132834048,4,0.23662380283566242,0.14123420047352542
1693360367241761536,4,-0.46652844655735004,0.1052315883867656
1693360367351085056,4,0.6815359925681699,-0.6965942081368854
1693360367459721216,4,0.10742049789607533,-0.3665644114859221
1693360367577675520,4,-0.560255390825237,0.6114206160068467
1693360367678383872,4,0.6502387431751488,-0.5937175819022764
1693360367786846976,4,0.2325932684159362,0.9089466357290115
1693360367896146176,4,-0.8176444981807431,0.48091221770841264
1693360368005457152,4,0.9573449935627878,-0.46054168329312906
1693360368114825984,4,-0.027485845617007065,-0.8086326830656387
1693360368223614976,4,0.6907645375490516,-0.5580530279573128
1693360368332518400,4,-0.08098677382458441,-0.6687148825543348
1693360368441425408,4,-0.6529137802477847,-0.559316765077849
1693360368550916608,4,-0.7852261811022705,-0.5224585135107995
1693360368659220992,4,-0.38301152832518115,0.15927514226578543
1693360368768014080,4,0.1994326688288084,-0.2265934132610976
1693360368884690688,4,-0.5732243771526109,-0.7992667727577358
1693360368993712384,4,-0.8360057263294667,0.42485002345045
1693360369102538752,4,-0.11494488790056812,0.4783287776726246
1693360369204728064,4,-0.23104895873984144,0.23010584340533868
1693360369312985088,4,-0.2396747317459198,0.08252924330615752
1693360369422281216,4,-0.456553396506179,0.763612608213889
1693360369530903296,4,-0.016960346152629313,0.579175515102546
1693360369640763136,4,0.047870760296117254,-0.3558399674189716
1693360369749134080,4,-0.0019356979793410112,0.2312756685599784
1693360369858394624,4,0.6764379060594659,0.21310787209078041
1693360369966872064,4,-0.25407789432233985,0.40691277500028833
1693360370077250048,4,0.20190709586351718,0.3978576910984284
1693360370186667264,4,-0.24467146145728758,0.576139903128241
1693360370296195840,4,-0.5857381788204856,-0.37157643805048646
1693360370405477888,4,-0.18979543038991453,-0.5024686796228024
1693360370514519552,4,-0.41864237340610333,-0.5382090452396266
1693360370625264128,4,0.20087127205327993,-0.06057395099617424
1693360370725253888,4,-0.9514480428920364,0.8705310607449577
1693360370834885888,4,-0.5118542068380527,0.39516182340227
1693360370951722496,4,-0.09550838599995282,0.600201279250969
1693360371053517568,4,-0.2222602431229277,-0.3096316999268447
1693360371162924288,4,-0.23805813460805836,-0.018085056002559607
1693360371272394496,4,0.4483569777805738,0.8183760706206831
1693360371381664512,4,-0.8210781896507391,-0.49014853912249134
1693360371491767552,4,-0.542886327667212,-0.2668104929983819
1693360371600931328,4,0.9941981622555716,-0.04293849828692986
1693360371710347008,4,-0.6629166868457681,0.7072938916905906
1693360371819383808,4,0.2900178956563739,0.1982104410370671
1693360371927946496,4,0.6202843069391284,0.6918050950213268
1693360372037619712,4,0.9583229926443708,-0.27085632014306604
1693360372146363392,4,0.5214204822269108,-0.8200549973978917
1693360372255812608,4,0.8316998356395016,-0.8152464387498803
1693360372364444160,4,0.3906255893830064,-0.8998698554874791
1693360372475774976,4,-0.8414892774037441,0.8640201874844033
1693360372585231360,4,-0.09379833714620278,-0.41369437960335564
1693360372696746496,4,0.7170005058630371,-0.4429730792193307
1693360372805893120,4,0.8319257525506625,-0.5418226657887641
1693360372907849216,4,-0.37680330624239455,0.0410159389194682
1693360373017092608,4,-0.5363687295941992,-0.8154580351569556
1693360373127943680,4,-0.8957069281844938,0.30924382482619195
1693360373245126912,4,0.5685259084675889,0.90767776767622
1693360373354575616,4,0.8830175659223636,-0.6481121437513384
1693360373455806720,4,0.09587710306418473,0.8840322110543251
1693360373565545984,4,0.789844008802268,-0.5275095549645752
1693360373675390208,4,0.6154574597081859,-0.6092299878204714
1693360373784095488,4,0.4250581275976817,-0.8652357939953161
1693360373893696512,4,-0.7969793935262544,0.6345795211664376
1693360374002129920,4,-0.6425388077802461,-0.7517254385492309
