rover_timestamp,sat_timestamp,x_offset_ratio,y_offset_ratio
1693297574354017280,4,0.19615037722217088,0.8917529947120875
1693297574687007744,4,0.47851127203303423,-0.3426202962656766
1693297575020054272,4,-0.4437471133837305,0.28720414321081145
1693297575400809216,4,0.5209877645910899,0.04174571919113035
1693297575501443840,4,0.9551350089146702,0.2960928501592657
1693297575624583680,4,-0.42308979108108713,-0.9526133354155717
1693297575737992704,4,0.6938696910869051,-0.3374594547938048
1693297575854592256,4,-0.5155020325509097,0.07862350425234399
1693297575963005440,4,0.8132641154181683,0.3300120381768983
1693297576071287296,4,-0.5033239006779819,0.37469967747148925
1693297576179620352,4,0.4390044394499666,0.21612639535525102
1693297576287960576,4,-0.23702815888118867,-0.35672601783952906
1693297576396319744,4,-0.11527821973290275,-0.9879146804717649
1693297576513037312,4,0.7397334797925097,-0.860030160044712
1693297576621381632,4,-0.6150691054447464,0.2687339185478175
1693297576729698048,4,-0.7169359782595259,-0.5915599744683355
1693297576838011136,4,-0.8164812151539949,0.18526130242417893
1693297576954679552,4,0.6624417572503252,0.8636253804620107
1693297577063032832,4,-0.5273797436442293,-0.843670972790721
1693297577179717120,4,0.44997820954135426,-0.37707406037809243
1693297577288012800,4,0.44334753152037054,-0.5101500835416202
1693297577396372736,4,-0.647128990205359,-0.5020611390009417
1693297577504713728,4,-0.4292942199644174,-0.10345761526039543
1693297577621354496,4,0.2712075442284494,-0.4562784304853451
1693297577729724160,4,0.5625778508360788,-0.8399680562166396
1693297577838004992,4,0.9451104009089162,-0.20351105365578115
1693297577946411776,4,-0.6644679237795847,-0.11724785830531648
1693297578054781440,4,0.010585108539375776,0.4698562090610039
1693297578171380736,4,0.5206489288192757,0.6392076157593356
1693297578279781120,4,0.587117202311765,-0.9603778457354115
1693297578388047360,4,-0.237161376664083,0.7080844206099637
1693297578496429824,4,0.517716644800559,0.8430649980937175
1693297578613082368,4,0.190366723197664,-0.6944025821558815
1693297578721386496,4,0.4532964702799813,-0.4854165556959773
1693297578829743360,4,-0.07269753059972417,-0.09279378826579832
1693297578946433280,4,-0.2497062301316546,0.2120507133132865
1693297579054716928,4,-0.8561207006389777,-0.7266873014738655
1693297579163239424,4,-0.061483037535611684,-0.6905510885099779
1693297579271406592,4,-0.6207483708235539,-0.974331455504073
1693297579388073216,4,0.001399617349634008,0.4506907518842489
1693297579496496896,4,-0.017092564634155538,0.8513821425411128
1693297579604738816,4,0.8805699705280317,0.9409852734535036
1693297579713237248,4,-0.25371020460073024,-0.02089777130170445
1693297579829793024,4,0.2820974437523194,0.17661801086715379
1693297579939635200,4,-0.18242483012378852,-0.922346204631441
1693297580048086016,4,0.843206496901475,-0.23034797709987243
1693297580164632064,4,0.1312171841019747,-0.6115435993231706
1693297580272944384,4,-0.12740410928283818,-0.4894831661690717
1693297580381285632,4,0.8261719905075042,0.4444905869450968
1693297580489641472,4,0.01921672685635767,-0.022756313756410185
1693297580597968128,4,0.3769787902858932,0.39291082408584077
1693297580706272512,4,0.30181266941626594,0.8530375126606276
1693297580822951936,4,0.4713284112035008,-0.5152942616086371
1693297580931373824,4,-0.9309848558683911,0.6262528205128652
1693297581047965440,4,0.26190542737482403,0.35285119754457583
1693297581156316672,4,0.39494284489267506,0.2906670741421622
1693297581264641280,4,-0.4773386030579265,-0.08905845963559722
1693297581373023744,4,0.3621329687143473,-0.4914239310113371
1693297581489687552,4,0.20429865387591395,0.9035564908773401
1693297581597992704,4,0.6830317998145135,-0.9753252250443305
1693297581706464000,4,0.5419443710491925,0.2887947814406373
1693297581814653184,4,0.8337657061867076,-0.20466615697637547
1693297581922982656,4,0.17232085725882018,0.8019912999920296
1693297582031352320,4,0.03707408770843057,-0.6223534960149801
1693297582148048640,4,-0.15411028018856654,0.659499130053393
1693297582256335104,4,-0.4942575292015554,-0.3955608680747924
1693297582364746496,4,0.9353668620169358,0.3169721199073028
1693297582473031680,4,-0.23442277929067967,-0.38404226699570665
1693297582589673984,4,-0.1767820156743789,0.7528009403395739
1693297582698037504,4,0.4553041587683253,-0.822253121297448
1693297582814679040,4,0.27236049730497136,0.5533822297682456
1693297582923198976,4,-0.3112143752838967,-0.7145730365958611
1693297583031387904,4,0.4974601449001661,0.8600337318821287
1693297583148012288,4,-0.20405956061171016,-0.38379931440323145
1693297583256359680,4,0.9740509862959188,0.6327787561971434
1693297583364697088,4,-0.9968428448308906,-0.8603170100786741
1693297583473065728,4,0.39263341453432443,0.04992397750679123
1693297583581376512,4,0.3090423835566678,0.46608447180613255
1693297583689707008,4,-0.6587314877450274,-0.2506972225546833
1693297583806382592,4,0.4080943932284722,-0.6039589421976916
1693297583914727424,4,-0.6360313370434383,0.8969666229223943
1693297584023108864,4,-0.09867843140524446,0.628740909882983
1693297584131390976,4,-0.6287239163973801,-0.8820358701062838
1693297584239713024,4,-0.6345412014547196,0.5183293699008946
1693297584356386304,4,-0.4812961670317186,0.8045465778055123
1693297584464877824,4,-0.1824151956926221,0.25367475916402626
1693297584573076992,4,0.2488429115592754,0.7367239838307147
1693297584681372672,4,-0.6677477347879142,-0.4137488292797349
1693297584798070528,4,-0.24454292469201122,-0.4464755942782397
1693297584906397696,4,-0.3156961645235621,0.17129280022949156
1693297585014753536,4,-0.04420576266654819,0.34560918451150635
1693297585131412224,4,-0.7983817158712958,-0.8778870662140736
1693297585239737088,4,0.5035973929645676,-0.985546683291759
1693297585348094976,4,0.1648908971131915,0.9752376681843302
1693297585464816896,4,-0.8063162980814524,0.04466908859888519
1693297585573065984,4,-0.9854760859062404,0.20596974372974208
1693297585681427200,4,0.973793684870867,0.5227279404675333
1693297585789753088,4,0.8642567617584191,-0.053536433623557755
1693297585898148096,4,-0.32594006353063065,-0.14109275733604743
1693297586014791680,4,-0.2584297555407884,0.7803043923240518
1693297586123091456,4,0.9988902705196112,0.6336943840920481
1693297586231472640,4,0.8819820934714468,0.3301565706502101
1693297586339757824,4,-0.2431286035357556,-0.8855169121130548
1693297586456448000,4,-0.2879415322381642,-0.3394894926805765
1693297586564796672,4,-0.7996452748315832,-0.08616148128298673
1693297586673110784,4,0.39661653938603925,0.45044037454457797
1693297586781455872,4,0.7759411025797891,-0.7222739454257425
1693297586889915904,4,0.20381835286162087,0.7380105634127458
1693297587006487552,4,-0.4410649396320889,0.39852924274563395
1693297587114864384,4,0.6301035173019414,-0.26314020973566077
1693297587223153408,4,0.23670339116729622,0.317752210346655
1693297587331669504,4,-0.04960114486643685,-0.17374681442635653
1693297587448185856,4,-0.6241301297675208,0.9723628109406419
1693297587556469760,4,0.9150942853381887,0.6252380955544645
1693297587664810240,4,-0.9667393917772578,-0.27958877573259944
1693297587773181184,4,-0.9084914331198102,0.6151156237097535
1693297587889839616,4,-0.3489496010850457,-0.11138768146099687
1693297587998176768,4,0.213526032634618,-0.1996696183203961
1693297588106509312,4,0.22518469086230364,-0.8372615374872989
1693297588223171328,4,-0.14416743905716034,0.8629669389348864
1693297588331514880,4,0.8616890084165618,0.9737429269900768
1693297588439832576,4,0.7142000004574616,0.810405524081822
1693297588548212992,4,0.46855548597661456,-0.41227405358591973
1693297588665161984,4,-0.6098460896023814,-0.7136771102270676
1693297588773273344,4,0.04010885769477479,0.14378524996134545
1693297588881514496,4,0.713605220864201,0.009273231502558987
1693297588998183424,4,-0.7442772910308086,0.5936415208442491
1693297589106518784,4,-0.39730339002081605,0.34612432116724157
1693297589214885120,4,0.0974933205130637,0.7495715538681007
1693297589331553024,4,-0.6638942972360764,-0.10742659933788756
1693297589439871744,4,-0.7686427163754621,0.3252842208842621
1693297589548254720,4,-0.5181967728829981,-0.5767183576459736
1693297589656539904,4,0.5065050414831918,0.31949020475013556
1693297589764884480,4,-0.821136368729626,-0.13021318624375078
1693297589881569280,4,0.4315303121391203,-0.6795294444411477
1693297589989880320,4,0.8579347182288883,0.8052970377130777
1693297590098244608,4,0.5326176476531899,-0.55924793006219
1693297590206686208,4,-0.48474291464786723,-0.04739536417269896
1693297590323252224,4,0.7950217674762199,-0.7538037796992605
1693297590431607808,4,-0.728487135131118,0.06908660581034698
1693297590539953920,4,0.45082881289659116,-0.8191164911457829
1693297590648302336,4,0.3835690965175793,0.7438812140197486
1693297590764943616,4,0.8635599102969778,0.532674773392789
1693297590873254912,4,0.20135884083311284,0.28797308121958043
1693297590981627904,4,-0.24597935512412916,0.43488546822917185
1693297591090122752,4,0.47200497575146083,-0.23669899025679175
1693297591206659584,4,0.284204405323891,0.12379988977682577
1693297591315119104,4,0.7122820233846046,0.6168949638808883
1693297591423289344,4,-0.5528983286158153,-0.768620069459431
1693297591531640320,4,-0.8246393187138064,-0.8217211464011991
1693297591640105728,4,0.4811624376803707,0.8744213013076241
1693297591756623872,4,0.48923550459753984,-0.7677875522846132
1693297591865011456,4,-0.26452594805631846,0.7066606180872363
1693297591973391616,4,0.9081372377305492,0.1538336833852214
1693297592081660928,4,-0.9966430170715017,-0.8762301267674599
1693297592190002688,4,0.07120608076241108,0.6942371932885874
1693297592298347520,4,0.9596989963009728,-0.36071402175305933
1693297592406689792,4,-0.2699523151290695,0.3586043407607846
1693297592523307520,4,0.5931306053147816,0.03950276469801017
1693297592631691520,4,0.2032352773960826,-0.5557168855281782
1693297592739973888,4,-0.20937523232119504,0.07658588666263255
1693297592856664576,4,-0.0787944597612884,-0.710598426816643
1693297592965059584,4,0.88577981735503,0.6744333091214929
1693297593073568512,4,-0.0003346699479085391,-0.08843093890807996
1693297593190009088,4,0.20293082719136502,-0.7082586028119933
1693297593298519552,4,0.33070140852224017,0.6025835100971353
1693297593406694656,4,0.4059336190572955,0.19776061654298527
1693297593523374848,4,-0.38221714642080684,0.9806702239602803
1693297593631909120,4,-0.7530719746134797,0.9936972088764497
1693297593740023552,4,0.4130445357258907,-0.04343450619165501
1693297593848536576,4,0.6573746087507166,-0.00994894964255244
1693297593965077760,4,0.4082809532656624,-0.24658274562936167
1693297594073391872,4,0.9622855903239573,-0.33371090661433
1693297594181857024,4,0.6557693886275038,-0.5787738286246369
1693297594290065920,4,0.4653162052397861,0.620837304369684
1693297594398396160,4,0.4008148273188705,-0.8948673915392482
1693297594515105536,4,0.7308637913471272,-0.6419595352295222
1693297594623411712,4,-0.024990696796842515,-0.21638427229073987
1693297594731823872,4,0.9687790843101167,0.3185006218012625
1693297594848419840,4,0.697036492216486,0.9821264299983652
1693297594956742656,4,0.09588581908174709,-0.32517970468942137
1693297595065114624,4,0.35579737236233955,0.9806285999463074
1693297595173424384,4,0.5154283701086448,-0.21787381065155254
1693297595290091776,4,0.05568886886171387,-0.43392026003652706
1693297595398420992,4,0.3927526313523022,-0.6098156466914912
1693297595515119360,4,0.7125044397713247,-0.2124550924104518
1693297595623451392,4,-0.738198633143029,0.5045329599272825
1693297595731752192,4,0.16076735952281096,0.6101435728985563
1693297595840122624,4,0.6996194412496004,0.4191750631343425
1693297595948599296,4,-0.08493499972471619,-0.6726110640591769
1693297596056776704,4,-0.724878081055228,0.3919110519057767
1693297596165179904,4,-0.41783686135384324,-0.7103542356227883
1693297596273428736,4,-0.563727053934955,0.49676503532610927
1693297596381814784,4,0.4706377931123673,-0.9817349707748626
1693297596498498048,4,0.45191502356739766,0.15136419388574107
1693297596606818048,4,0.3566356120332963,0.9769683757190519
1693297596715158528,4,-0.7047890815652045,0.9007963088557205
1693297596823491584,4,-0.14577787102095408,0.6833201820883588
1693297596940153088,4,0.8519706734468266,-0.8079045361938499
1693297597048478976,4,0.9483175199311338,-0.6407342412313344
1693297597156890880,4,-0.8950557691254193,0.9605535196577784
1693297597273540864,4,0.300195609606591,0.18678478052946068
1693297597381956096,4,0.9394539467777061,0.25394509319291125
1693297597490176256,4,-0.19201200835405285,-0.932014344352446
1693297597606888704,4,-0.5182891577982189,-0.022748212476229712
1693297597715211008,4,0.3759682118319789,0.9091107274962513
1693297597823527424,4,0.30559393383860933,-0.24925671851858788
1693297597940230400,4,0.38358969973272017,0.5906504194548112
1693297598048569600,4,0.3170377029420606,0.555461622233298
1693297598156874752,4,0.7297915789216034,0.30062187287361786
1693297598273553408,4,-0.449567919487752,0.3063909477758151
1693297598381885952,4,-0.26535388810034966,-0.7599992287661488
1693297598490219776,4,-0.8347260188750691,-0.021563118079165777
1693297598598560768,4,0.3375844196748501,0.01949699558220863
1693297598707113728,4,-0.953946477370702,0.14596381764634447
1693297598823563776,4,0.14526113092151816,-0.4525503859858835
1693297598931888896,4,0.49071858964194703,0.5886874287259429
1693297599040343040,4,-0.6378068121677656,-0.03161704540320964
1693297599148576768,4,0.2891932979633953,-0.13268704267794873
1693297599256921600,4,0.14284619875604565,-0.8011174898560498
1693297599373587456,4,-0.8730033976768234,0.8177610466213596
1693297599481950720,4,0.5904496541248421,-0.6302203028599842
1693297599590440192,4,0.6257358744851038,-0.960507223102502
1693297599698629888,4,0.11212032761369395,0.07283357953242287
1693297599815277824,4,0.6243925173593707,-0.022873475194995718
1693297599923601920,4,0.03780223186528575,0.16944307891997368
1693297600032266496,4,0.42749824850004314,0.5801353849724034
1693297600148608000,4,-0.7518213428034155,0.505976382009145
1693297600256996608,4,0.9313620874074455,0.7952045964796255
1693297600365317888,4,-0.6386716535388912,0.19820521317744078
1693297600481999104,4,-0.6401248871486784,0.10944353710461963
1693297600590281728,4,0.6010259436711085,-0.7539093935617334
1693297600698891008,4,-0.7423680189984885,-0.5875401995682643
1693297600815314688,4,-0.6775794761207563,0.1249924191349816
1693297600923812608,4,0.7029002123038282,-0.929989440968479
1693297601032160000,4,0.959856869648652,0.012296621480255121
1693297601140333568,4,-0.27288071861451635,0.08885430055265409
1693297601256961024,4,-0.1538973454072612,0.8904569694125557
1693297601365320448,4,-0.9998288713643391,-0.3988000445639155
1693297601473655040,4,0.8924292317896274,0.03888614333599061
1693297601590344960,4,0.5656036480277302,0.31831515631232254
1693297601698688768,4,-0.110159424843564,0.15414293841187376
1693297601806987520,4,0.3902029888769394,0.04533251987074527
1693297601915476224,4,0.9720390438556248,-0.29576574852806137
1693297602023707904,4,0.07641897366330541,-0.5803209887753382
1693297602140349440,4,-0.8019817372766587,0.6395265913715296
1693297602248759296,4,-0.5257992887983629,-0.6238526978840333
1693297602357031680,4,-0.4005815408217137,0.6652556093813915
1693297602473688832,4,0.9148458560438155,0.20428877401457157
1693297602582023680,4,-0.5679200650485883,-0.28186967555588915
1693297602690530816,4,-0.7430157701804578,0.24462548527143912
1693297602798733568,4,-0.8512806810461193,-0.4900652578372593
1693297602907025408,4,-0.2364353738759617,0.8073198670643473
1693297603023702272,4,-0.19988124883073954,-0.8334918477424909
1693297603132075776,4,-0.4916412133496155,-0.14931327193678445
1693297603240333568,4,0.38903074179953245,0.07180863922481073
1693297603357082112,4,-0.8588839079503985,0.465349797448511
1693297603465367552,4,0.99071853806257,0.39360586770730044
1693297603573707776,4,-0.6147451592319464,-0.25571548098858976
1693297603682054656,4,0.3146361060108409,0.6410164164219414
1693297603790392064,4,0.20988938456837936,-0.16062705484676654
1693297603907064064,4,-0.6930171800202083,0.9848979828921565
1693297604015412224,4,-0.13274573715117732,-0.9481802737114178
1693297604132265216,4,0.20721449326720354,-0.8449508060496267
1693297604240375040,4,-0.7507575522144114,-0.7800197350385898
1693297604348783104,4,0.09673756967158997,-0.8680812816417589
1693297604457109248,4,0.28035497797987086,-0.2743610306196602
1693297604565449984,4,-0.3329653027941146,-0.4534939952741619
1693297604682081024,4,0.7377107411339485,-0.5484690625422182
1693297604790588160,4,-0.980273334712582,-0.24568803638986947
1693297604898789120,4,0.9375469717715019,-0.24273529720629972
1693297605015462400,4,-0.7899945410678744,0.8512717205808087
1693297605123803648,4,-0.648537255429094,0.4566548299120652
1693297605232129536,4,-0.3869008930202269,0.6426864982664311
1693297605348786176,4,-0.020762799746683935,0.057920237614217385
1693297605457112320,4,0.40091107148167593,0.7307966989576327
1693297605565513216,4,0.1030844639398747,0.21493388860026208
1693297605682132480,4,0.7931404865974676,-0.6585051667988839
1693297605790435328,4,0.8930206112842696,-0.22087333827208755
1693297605898856960,4,-0.30965422382824137,0.48259427663403565
1693297606007177984,4,0.9360005675069598,0.06336427556979185
1693297606123831296,4,0.18923395696313872,0.6992600322164781
1693297606232380928,4,-0.04627626251712269,-0.7448555937549319
1693297606340522752,4,-0.9810050623616824,0.027130837935546825
1693297606457184000,4,-0.6890174350505631,-0.7472632804115096
1693297606565467392,4,-0.2423986707991248,0.47084474962010825
1693297606673845504,4,-0.8942707491153234,0.45083854554881864
1693297606782467840,4,0.9489996935449643,0.41500483121764886
1693297606898917888,4,-0.5017767447499153,0.21740598109727705
1693297607007191552,4,0.41357352521697566,-0.6337909484064579
1693297607123838464,4,0.9724925511181564,0.5969377974967034
1693297607232238080,4,0.004458491307789858,-0.4483540512231541
1693297607340541952,4,-0.14446983455725526,0.8833540189037741
1693297607457216512,4,0.7627754200072876,0.6280465011114493
1693297607565528832,4,-0.3896251375133508,0.7158429486593942
1693297607673958912,4,0.8949092970141992,-0.1869704310509801
1693297607782251520,4,-0.3745261751823783,-0.8197188133794564
1693297607890578944,4,-0.8410502660767256,0.459906060100149
1693297608007203840,4,0.8897338970546962,-0.6697737488848463
1693297608115564800,4,-0.8851769553931785,0.4868189139045902
1693297608223898624,4,0.10831954970343416,-0.014298933620051857
1693297608340637184,4,0.7487059237166445,0.9243326626479131
1693297608448925184,4,-0.15203275267730576,0.01736472446384152
1693297608557238784,4,0.461594732648557,-0.040688104960245
1693297608673904384,4,0.030022974090603727,0.9959088515754664
1693297608782366720,4,0.7761610676707229,0.39576390571432674
1693297608890596352,4,-0.18905709663182124,0.23257321402704711
1693297608998927872,4,0.8217728112846228,0.49183452140227324
1693297609115629568,4,0.4283201459792092,0.4051834275472881
1693297609223905792,4,0.49933590509087766,-0.5115475059416601
1693297609332462848,4,0.4779663035448507,0.9017367798158369
1693297609448926976,4,0.6467267870779023,0.7606637916705217
1693297609557234688,4,0.0562228364360049,0.21838721696072771
1693297609665750784,4,0.21474709285277171,0.9292947675069023
1693297609782307328,4,0.3490443368283711,0.7638611311273342
1693297609890593536,4,0.047032831665852814,-0.5498628441272051
1693297609998966016,4,-0.8497552518986027,0.6788178702193319
1693297610107331072,4,0.027368968029193974,0.904967204494872
1693297610223944960,4,-0.15455546236771567,-0.24181046827906427
1693297610332275712,4,-0.2534326021413744,-0.7735329816049548
1693297610440609024,4,0.8280903500178929,-0.5004695529978513
1693297610549114112,4,0.07823924497927792,0.5328278222353184
1693297610665656576,4,-0.7642691986253152,-0.40164401407354067
1693297610773943808,4,-0.41290992103888424,-0.573868110742654
1693297610882306816,4,0.4760514442797965,0.13768388917478136
1693297610990702080,4,-0.5650736104986613,-0.3903604011370392
1693297611107295744,4,0.8662228876223406,0.28594727092279504
1693297611215776000,4,0.6514547749372996,-0.9291417459336762
1693297611332297984,4,-0.07388603847482944,0.23549738300370837
1693297611440593664,4,-0.023467077948201798,-0.2885118722037807
1693297611548990976,4,0.23106049687197605,-0.34289639743640055
1693297611657342976,4,-0.29221451122814335,-0.9896911777597415
1693297611765743872,4,0.7803925532465217,-0.6276845872094023
1693297611874068736,4,-0.29093535231256884,-0.7973244424044519
1693297611990772992,4,-0.015907761491173122,-0.830512441261164
1693297612099298560,4,0.02863719908162876,-0.6925786672425411
1693297612207376640,4,-0.7523147029711439,-0.025175690547966312
1693297612324020992,4,-0.6887391989015401,0.3132668919881396
1693297612432414208,4,-0.5478095342114766,-0.2092823479427477
1693297612540696576,4,-0.4014300947711513,-0.14331706028888558
1693297612649430272,4,-0.6356359193261358,0.623087708197261
1693297612757421312,4,-0.7826100142394119,-0.12285586213648858
1693297612874063104,4,0.6787149226569638,-0.6763313987869859
1693297612982462720,4,-0.29252444584531956,-0.13207969060823
1693297613099085312,4,-0.28152650768196197,0.7410281406226669
1693297613207390208,4,-0.6030707640846724,-0.6208658622965253
1693297613324061696,4,-0.9194873849499177,-0.21090798942661637
1693297613432607488,4,0.4878479738714323,0.8019956206024668
1693297613540721408,4,-0.6793749978213786,-0.6020161517206455
1693297613657416960,4,-0.04141002953501283,0.330485790713559
1693297613765813760,4,-0.46840075971495665,-0.15780935452777411
1693297613874153216,4,0.10024734579872474,0.5996401709576915
1693297613990773504,4,0.42864191722026446,-0.3502246029512599
1693297614099148544,4,0.528785419171117,0.763533061740935
1693297614207449088,4,0.003717165082611773,0.8471225014611063
1693297614315878400,4,0.6861258272176878,-0.2223029862133017
1693297614424123392,4,-0.7805344319689485,-0.784240830053196
1693297614540759296,4,-0.9576955865901176,-0.6889160224181332
1693297614649156864,4,1.8628485343175072e-06,0.5347699028914819
1693297614757478400,4,-0.5269901297682549,0.356620637026962
1693297614874158336,4,-0.3157180036654317,0.9528770535750213
1693297614982496000,4,0.47486311209244847,-0.13134297012995177
1693297615090815488,4,-0.42106674191022875,-0.028141512235777322
1693297615207462144,4,0.5217997942708721,-0.5045054015872903
1693297615315834880,4,-0.6950085501484786,0.022479671044055127
1693297615424180224,4,-0.5010664272138652,0.5334552096578475
1693297615532517888,4,0.7283336112429308,0.9885141208910311
1693297615649160192,4,-0.5052912583003872,0.6412188325697024
1693297615749228288,4,-0.6031750817016837,0.4129217979716795
1693297615865897728,4,0.6199049368957412,0.4022899080880986
1693297615974155520,4,0.004667887257046033,-0.63762350099282
1693297616082503936,4,0.9851033367942559,0.18239239795368767
1693297616199195648,4,0.26895438356289403,-0.5412316155364933
1693297616307511040,4,-0.7354083746480471,-0.9232671369036789
1693297616415832320,4,0.980797591688892,0.8581966630549598
1693297616532647936,4,-0.14739404592422645,0.23293471633856733
1693297616641068288,4,-0.8181291391797347,-0.8980892690963649
1693297616749226496,4,-0.18540561907036346,-0.38710810690881536
1693297616857524992,4,0.2666199502367428,-0.5371447023484821
1693297616965945088,4,-0.3276442970920228,-0.04160952476635993
1693297617074219264,4,0.0197273854475144,0.28774631100379655
1693297617182621440,4,-0.39142002001322895,-0.4615078216258266
1693297617299204096,4,-0.4388881185203979,-0.2979509724440337
1693297617407576576,4,-0.16385160018550415,-0.3603182301654484
1693297617515900416,4,-0.9048872115947064,-0.9182217419067633
1693297617624312320,4,-0.8957387259538361,0.4895094084984004
1693297617732659200,4,-0.5760448979539132,-0.05588367163897545
1693297617841089536,4,0.8169639498967203,-0.7984766001864148
1693297617949305600,4,-0.6303199939092541,0.8966563715232363
1693297618065925120,4,-0.2728375146644988,-0.3912866098951011
1693297618174309376,4,-0.8062255580880116,-0.9726768332278504
1693297618282665472,4,0.10353645340299056,0.7239485402451169
1693297618390917120,4,-0.3375765329514637,0.4825842054193503
1693297618499346176,4,-0.27723007287186374,0.5576166151301722
1693297618616025856,4,0.057724127243664825,-0.2568154299519627
1693297618724299520,4,0.300496686636611,-0.5799333962153315
1693297618832689152,4,-0.23190128673268617,0.7743875996226894
1693297618949318656,4,-0.7390291895038095,0.48517487349860544
1693297619057639168,4,-0.7592913055265109,0.1731229121734228
1693297619166177792,4,0.8243536633855308,0.3087103190632037
1693297619282807808,4,-0.6191327990155295,0.4093201077844171
1693297619390960640,4,0.8510012790357679,-0.8502407976714075
1693297619499353344,4,0.09315804569438635,-0.31420406249945754
1693297619608037120,4,0.45070131829676785,0.9792892301229836
1693297619724521472,4,-0.59600176612202,0.4415389322291665
1693297619832694784,4,-0.9123777877117405,-0.6165865448383607
1693297619941217792,4,0.10099136399631381,-0.4949489848079287
1693297620057665792,4,0.7541506850623361,0.7068765885545019
1693297620166218240,4,0.8136296951822346,0.9502523146173287
1693297620274336768,4,0.7898260558547381,-0.10303555980526458
1693297620382873856,4,0.43465174909575177,0.8216983591932916
1693297620490974464,4,-0.8645830082473067,-0.16199167782421786
1693297620599388672,4,0.8626646541423235,0.0077388553453261455
1693297620715982592,4,-0.9562502031484974,0.1983073245607112
1693297620824346368,4,0.39341245543192227,-0.7421315269223399
1693297620932737024,4,-0.9091095483928484,0.13234953672876038
1693297621040995328,4,0.5887807603549062,0.3876066683261232
1693297621157669120,4,0.4814303936739788,-0.2050123438980298
1693297621266208000,4,0.36938855845436214,0.7405114399416399
1693297621382700288,4,0.9430768351999748,-0.6689635598995547
1693297621482782976,4,0.5014555828165763,-0.2316991603002163
1693297621591016448,4,0.558744346950157,-0.19830208111974046
1693297621699457792,3,-0.45701162208729107,-0.631867319291822
1693297621816114432,3,-0.6799938891545241,-0.5643845559341796
1693297621924356096,3,0.39344349516721544,0.7583100338075652
1693297622032733952,3,0.5812937544702839,-0.0891180261400677
1693297622149453312,3,0.415508042582559,0.05014640478543364
1693297622257733120,3,-0.3931796572733659,-0.5593273446505713
1693297622366095872,3,0.4165094087796606,0.10430184184168856
1693297622482719488,3,-0.6577818062315963,-0.9087750683193536
1693297622591052800,3,-0.5235664503001676,-0.9218186491785147
1693297622699408640,3,-0.703721047311336,0.7672049444579556
1693297622807726336,3,0.8544959147717266,-0.4591302890571529
1693297622916283392,3,0.5812426366138452,0.2848262485865303
1693297623032969728,3,-0.5019838513503037,0.6468205334242043
1693297623141084416,3,0.06918984824694441,-0.9972000770472662
1693297623249561856,3,-0.3050762022631932,0.21031907159415808
1693297623366163200,3,-0.261779676011773,-0.8335076876516965
1693297623474369536,3,0.41092343455532765,0.09855014479217195
1693297623582825984,3,0.4441591819168864,-0.1833142355332411
1693297623699455232,3,0.22296406768106425,-0.35072971902398353
1693297623807830784,3,-0.8854731377071843,0.6318443121076849
1693297623916201216,3,0.6478635721725694,-0.5614408145773908
1693297624024488960,3,0.9304549288703472,-0.6465295217039109
1693297624141108480,3,0.9432094099467767,0.07477738942679135
1693297624249801984,3,0.9575247744915176,0.5563719859572782
1693297624357920256,3,0.5610263732561649,-0.7871145349353226
1693297624466301184,3,0.49153957796268744,-0.2360380449048236
1693297624582883328,3,0.3076494374475651,0.7400515768860225
1693297624691121152,3,0.2686110824993504,0.1017556072199195
1693297624799599360,3,0.6336940592852962,-0.5587219249566939
1693297624916159744,3,-0.46241299504162936,0.1633275990158416
1693297625024526336,3,0.6154659220311243,0.5057953953066976
1693297625132862208,3,-0.6887170456937566,-0.536553714725198
1693297625241181952,3,0.4525722478911811,-0.26271998661258555
1693297625349593600,3,0.8043362867684198,-0.8126178756958071
1693297625466270976,3,-0.6369729122610375,-0.6299439547121826
1693297625574537728,3,0.7247043427245401,-0.6222801570645276
1693297625682868224,3,-0.018963233480527197,0.45895998448739395
1693297625799693568,3,0.29512854340738426,-0.9579053921973673
1693297625907865088,3,-0.6741627024821484,-0.6445314613357307
1693297626016306944,3,-0.21160532999982218,0.2156441537715199
1693297626132873728,3,-0.8610917606424935,-0.8559026207567002
1693297626241222656,3,-0.5094923309233166,0.8182621098327449
1693297626349582080,5,0.9407709300891205,-0.799532402689652
1693297626466260992,5,0.05355709995763425,0.4535292498833565
1693297626574526720,5,0.6159854533044773,0.20658703296974212
1693297626682929408,5,-0.2442497404815176,-0.9585681690270378
1693297626791209984,5,0.653124496542693,0.5268915121334363
1693297626899561984,5,0.288964225868549,-0.9125199149224306
1693297627016423936,5,-0.5033141110819932,-0.8328089078119922
1693297627124565248,5,-0.7147287884563449,0.2547687530463514
1693297627233072128,5,-0.9730061919629511,0.9327215255706931
1693297627341238016,5,0.9152353821942314,-0.7873221107964194
1693297627457922560,5,0.47226302054904923,-0.3232201657783955
1693297627566240768,5,0.41491150982626057,-0.5953567156310366
1693297627674575872,5,-0.03914913893235106,0.1257024689374906
1693297627791194368,5,-0.11134760356746742,-0.6737111165019127
1693297627899686144,5,-0.3364873606129233,-0.6909733527331225
1693297628007881984,5,-0.8882489868473049,0.38408239584351533
1693297628116325376,5,0.2549717060269847,-0.7538489696203485
1693297628232956672,5,0.6498498029191173,-0.7943693765306161
1693297628341337088,5,-0.40652301754704,0.023084832526100607
1693297628457903616,5,0.6729667695654133,-0.7163299470959543
1693297628557984000,5,0.8243339244173875,-0.9519982602197656
1693297628674705408,5,-0.1457291337045572,-0.7052469796939209
1693297628782988032,5,0.3107291949815483,-0.5482312154517932
1693297628891293952,5,0.7579802078666906,-0.2305123852675217
1693297628999608576,5,0.7684478270240305,0.6455697402598657
1693297629116417024,5,-0.775182657065681,-0.6608818770830625
1693297629224619008,5,-0.7797286924045912,-0.7965274906684983
1693297629333053184,5,0.9116981369527319,-0.28538419192597364
1693297629449640448,5,0.23139353593773815,-0.7632980590985194
1693297629558129152,5,0.846639214824173,0.8397472066403076
1693297629666330368,5,0.791172981908125,0.20901276396368385
1693297629774736128,5,-0.6438644464518368,0.06096128128236611
1693297629891310336,5,0.19922296973117404,0.35886662342018694
1693297629999707904,5,-0.699559928579367,0.3345467699641096
1693297630108165120,5,-0.39687246643367025,0.6351250899881951
1693297630216342784,5,-0.3032286334722911,-0.79215487433831
1693297630333054208,5,0.832468710828584,0.3234634305404498
1693297630441317888,5,0.865763668200388,0.6214388297048903
1693297630549694720,5,0.4226133644384673,-0.8472610147467834
1693297630666347008,5,-0.9956424703938669,0.866189896733305
1693297630774695936,5,-0.7027141037913556,0.3117082438854737
1693297630883000320,5,-0.35948799330323666,-0.21880085100687463
1693297630991382016,5,0.44268692727164516,0.571092188005734
1693297631108059904,5,-0.04313597359285115,-0.8653727305954095
1693297631216378880,5,0.155685758999782,0.91917062888604
1693297631325110016,5,-0.4430477150579122,-0.8191059630654245
1693297631441358336,5,0.9895433653523884,-0.6362553273508638
1693297631549820160,5,-0.2299652047066576,-0.36136844017794023
1693297631657981696,5,-0.15233586011397038,0.38684166927410457
1693297631774739712,5,-0.17211130854870227,0.5870031809300806
1693297631883034112,5,-0.3330697098639419,0.6042818567757346
1693297631991357696,5,0.30790844442851695,-0.5081837567212402
1693297632099749376,5,-0.16268073693902418,-0.0057954111881965975
1693297632216380416,5,0.06754129368962936,0.06494886482078654
1693297632324723968,5,0.6428083960729019,-0.23074549311969106
1693297632433139200,5,0.16192787460865143,-0.15631847788474063
1693297632541427456,5,0.15575287903238166,0.38699790554183844
1693297632649752832,5,0.49656699924668635,0.4061866266615721
1693297632766460928,5,-0.5296138620121862,-0.9942677884805253
1693297632874824704,5,0.9878106243997082,-0.9656906967997785
1693297632983383552,5,0.1167489360857954,0.9152315427898268
1693297633091521280,5,0.8418082015239643,-0.8808452202176762
1693297633208146944,5,-0.30130493103178546,0.6975029982526468
1693297633316504576,5,0.7335450169242452,0.6380209049485515
1693297633424787200,5,-0.4106054237427059,-0.7117195153943847
1693297633541482752,5,0.7066244118139204,0.9436392028829717
1693297633649809408,5,0.8259078177970196,-0.5150051830599105
1693297633758128384,5,0.6556436154929874,-0.8882686682493186
1693297633874767616,5,-0.7243973744327457,0.9241039707628
1693297633983165184,5,0.40792571221406115,-0.2450784335571301
1693297634091492608,5,-0.9473062351923804,0.92982638515098
1693297634199880704,6,-0.25663153746599954,0.4028035269083057
1693297634308222208,6,0.3254946407915216,-0.8524594086881494
1693297634424921088,6,0.6748743890810853,0.7409539544310151
1693297634533250560,6,-0.9396285392807922,-0.26951156346086425
1693297634641505280,6,-0.8420134150230021,-0.84586940687183
1693297634758171392,6,0.1383663092712757,0.6274225177838633
1693297634866820352,6,-0.7005655502465711,-0.6351509769295942
1693297634974852608,6,0.48711587697435,0.4962142486490313
1693297635083220992,6,0.3971278510803842,-0.4009846080812143
1693297635191581696,6,-0.17695503350261732,-0.3253260188702698
1693297635308205824,6,0.5627938158042303,0.3904940487922641
1693297635416616192,6,-0.4264618588795266,-0.6882253280281903
1693297635533239296,6,0.7623142844804269,-0.9357617854450109
1693297635641616384,6,0.5022658582565218,0.0065908455900667295
1693297635750278912,6,-0.9782648474515874,0.6653601888361687
1693297635858417408,6,0.35980708819988294,0.751953027461417
1693297635966660864,6,0.10831184255192805,0.6590364613839141
1693297636083508480,6,0.8383004601607491,0.0037448749845319096
1693297636191525376,6,0.4187056307094521,-0.15265947682484637
1693297636300114176,6,-0.6863987256314219,0.9462446584096031
1693297636416606208,6,0.04300208952367712,0.9558525674204981
1693297636524863232,6,-0.749733287943382,-0.5762715130984424
1693297636633268224,6,0.23808752083773643,-0.5621871740774669
1693297636741535744,6,-0.6326124545558549,0.49199147486667916
1693297636849962496,6,0.11858857579653548,0.6834259789766257
1693297636966621184,6,0.6331176711980491,-0.06312780860936251
1693297637074902016,6,-0.37362067918926556,0.2837816686198096
1693297637183354624,6,0.6545073595713087,-0.6703512809474521
1693297637291991808,6,0.6066785212081391,0.2932943913969679
1693297637408205312,6,-0.6105388213706082,-0.7831982358634464
1693297637516642816,6,-0.8443828469112273,0.20638033418055257
1693297637624941056,6,0.6932185491244742,-0.9439022803376629
1693297637741587200,6,-0.43558613713442695,0.08313582996226154
1693297637850132224,6,-0.8693616656674454,0.1942215116467625
1693297637958239488,6,0.5130428807390781,-0.38175977486753765
1693297638066626048,6,0.10338275435158484,0.27677792205217333
1693297638174947072,6,-0.9352664166638978,-0.46166397504449863
1693297638291550208,6,0.9533262933808977,0.12959362633339366
1693297638400052736,6,0.12747864405056775,0.5804514062971917
1693297638516652288,6,-0.908638774632679,-0.37083941559179245
1693297638624912640,6,0.8870182828397282,-0.9830425384559986
1693297638733330944,6,-0.2867017127323237,-0.43519564034433644
1693297638841680384,6,-0.2037272229758489,-0.6102325869430238
1693297638958417152,6,0.5036845414436057,0.45137624972816237
1693297639066633216,6,0.947701485894872,0.40531362108418967
1693297639174968576,6,-0.8052403281432661,-0.18542687749100972
1693297639291704320,6,0.4829026833709835,-0.7979942336354091
1693297639400017664,6,0.6149886664012101,-0.6996266838359042
1693297639508246016,6,0.174351018608649,-0.23577653651009456
1693297639616725504,6,0.1727164070131233,0.7040541922659915
1693297639733344256,6,-0.4197612380799205,-0.6969243782404964
1693297639841694464,6,-0.07378755392502478,0.7704077456288445
1693297639950013696,6,-0.8134182698604719,0.4369254146750281
1693297640066892288,6,0.7688041361517786,0.6149520677545626
1693297640175031552,6,0.3084402999410423,0.5376514303468842
1693297640283420160,6,-0.6779059470680859,0.9273347184303389
1693297640400166144,6,0.03260159480987279,0.4574412794223266
1693297640508382208,6,0.30278983001838733,0.8604544068669708
1693297640624969472,6,-0.3171694212037295,0.5707037170409794
1693297640733357568,6,-0.3219585822397235,-0.2793672885973639
1693297640841887488,6,0.7119051060101558,-0.1381971085069642
1693297640950213376,6,0.7813598619813096,0.5483500016163807
1693297641061568512,6,-0.22473145665063532,-0.5823587179629581
1693297641169905920,6,0.2207744659018076,-0.8500034219322257
1693297641286498816,6,-0.6951971863672011,0.25557929269082136
1693297641394914560,6,-0.004954351523428713,0.6094528885922097
1693297641503116800,6,-0.7147549574625893,0.7409149603477463
1693297641619778560,6,0.09427210491200788,0.9378942370024774
1693297641728216576,6,0.5628910347094362,-0.8256646320385894
1693297641836727808,6,-0.8117720118938707,-0.37256259963337146
1693297641953413120,6,0.868111942643049,-0.6770550300454821
1693297642061548288,6,-0.4397653553409633,-0.2733434684072662
1693297642169838080,6,-0.8215415169129683,-0.6416274948320535
1693297642286550016,6,0.5438810208550267,-0.4841118009963139
1693297642394911232,6,-0.053478092275802025,-0.4879473930128462
1693297642503401472,6,0.7533157384700384,0.3005841661119575
1693297642611599872,6,-0.7191055128003736,-0.7520675514387989
1693297642719890432,6,0.1374668998756854,-0.9208147173602566
1693297642836547584,6,0.7180065108332792,-0.198121571406227
1693297642944993280,6,0.7140019181323571,0.8342802327958461
1693297643053239552,6,-0.7420315229769399,-0.26653546821356944
1693297643169932288,6,0.6896712873076185,0.9040899174458594
1693297643278467328,6,-0.25263380879922903,0.3644017936765287
1693297643386620672,6,0.011884859950725302,-0.4743451345353036
1693297643503361536,6,0.7510729132778666,0.3651111728351648
1693297643611619072,6,0.2412274476503078,0.2877335705914894
1693297643719980800,6,0.48208512053773744,-0.5103664293923187
1693297643828322560,6,0.6424700701355994,-0.9841141081666616
1693297643945231104,6,0.7061195687249004,-0.4186787996318686
1693297644053181184,6,-0.683588391987477,-0.20143915930644885
1693297644161683200,6,-0.8540426459453809,-0.22355400213362464
1693297644269940992,6,-0.07544285551979302,-0.8129937596777386
1693297644386590720,6,-0.06824480789171616,0.28496896527880056
1693297644494953472,6,0.8002530309303066,-0.07029400603295799
1693297644603301632,6,-0.8283549073297776,0.46355624658388384
1693297644711951360,6,0.8349207037619968,0.8449814974806438
1693297644819950848,6,0.5364333008693813,-0.6010580003035
1693297644936788480,6,-0.3425587257076572,-0.3654302754637073
1693297645045051392,6,0.9928764641936036,-0.02740996759183445
1693297645153348608,6,0.4045816770387405,-0.04756106265892934
1693297645269927424,6,-0.44324987449379805,-0.9234353222685872
1693297645378504704,6,-0.6885177649776091,-0.06006490967402178
1693297645486659328,6,0.28043276389643745,-0.35962676155259365
1693297645603315456,6,-0.9373534919647764,0.20215482673355223
1693297645711655680,6,-0.23943035211562735,0.8729193331082699
1693297645820046080,6,-0.27701448217691294,-0.13978052171229094
1693297645928428544,6,-0.053180721202182424,-0.891844969816612
1693297646045086976,6,0.7360412034830857,0.9052900188955126
1693297646153380096,6,0.3673428807097725,-0.4603037796605933
1693297646261742336,6,0.27137458586850194,-0.8328174331525282
1693297646370118912,6,-0.8614819009020134,-0.18986303982572106
1693297646486567424,6,-0.403326394054653,0.4244134046349066
1693297646595078912,6,0.7425782594043293,0.049555886001957816
1693297646711728384,6,0.3392887993614879,-0.481105548380639
1693297646820061440,6,0.6610981830022078,-0.8151174799359355
1693297646928430080,6,0.8032834742744905,-0.3159617042039966
1693297647036653056,6,0.5063521012202647,-0.6709334373681948
1693297647145103872,6,-0.301447481782114,-0.16179784414730602
1693297647253544192,6,-0.04900116420527878,0.37766098654057667
1693297647361805568,6,-0.6786216800572005,0.3933801716086862
1693297647470018304,6,-0.2906152470022767,0.3858028735267649
1693297647578371584,6,-0.221724065795307,-0.9801369821889931
1693297647686737152,6,0.5661447479393971,0.1942572772288318
1693297647795118592,6,-0.8443825733255792,0.335924976743599
1693297647903395584,6,0.23302474833454534,-0.35253485047723454
1693297648020098304,6,0.9727358940765829,0.8779381175988403
1693297648128497408,6,0.485672694820686,0.4734385718871148
1693297648236811520,6,-0.3669694212945287,-0.6989874408170416
1693297648345149952,6,-0.08268186548621359,-0.7050268277608505
1693297648453465088,6,0.7286026971996997,-0.772786247849214
1693297648570270208,6,0.9399522494367556,-0.18722672368880078
1693297648678473984,6,0.04138339642116473,-0.9926462175214499
1693297648786742784,6,-0.0988820650678317,0.6650216558168391
1693297648895411712,6,-0.748565589870616,-0.10134269835179466
1693297649011762176,6,0.9389150228854568,-0.8051078910159175
1693297649120105728,6,-0.5627544560177993,0.9580639777728459
1693297649228497152,6,-0.1596477821998883,0.09217245540595642
1693297649336826112,6,-0.6677979439356423,-0.24488685703073032
1693297649445451520,6,-0.30382889196629725,0.9047537623518556
1693297649561861376,6,0.9434890103284752,0.1536728584036895
1693297649670326016,6,-0.9712579642198025,0.6275586987107165
1693297649778558976,6,-0.9676174625464609,0.793309827252707
1693297649895164416,6,0.004170400188140633,0.7355162966958484
1693297650003383808,6,0.39863429217235224,0.2978233545876765
1693297650111828224,6,-0.08800502994576509,-0.17922637832568622
1693297650220010752,6,-0.29557755845508193,0.08493403234853125
1693297650328510464,6,0.04633964559540371,0.5301622798417003
1693297650445155072,6,-0.7732400011070244,-0.6483723899897402
1693297650553500672,6,-0.14323277215478591,-0.6462096787578826
1693297650661869056,6,0.1897836202778984,0.08552575760895254
1693297650778495488,6,-0.2368733542408359,0.6901832172215818
1693297650886989056,6,0.37710131228390087,-0.1250126565380807
1693297650995148800,6,-0.4335032745883969,0.24075297918769012
1693297651111873280,6,0.8502711937708074,0.7139945343021312
1693297651220124928,6,0.9907264424505855,0.6118795251434224
1693297651328546304,6,-0.7923759208673546,0.2992491724554671
1693297651445556224,6,0.23252074319864424,-0.17744067156798704
1693297651553487616,6,-0.007190141827707386,0.5034535173151744
1693297651661825536,6,0.854457818638291,-0.800595855213327
1693297651778552320,6,-0.11179328704831737,0.16246716388867255
1693297651886852096,6,-0.9347289254112523,-0.420191081587892
1693297651995422976,6,-0.15871828478766803,-0.5542412582504712
1693297652112050688,6,-0.0907402403416051,-0.23784033783523584
1693297652220188672,6,-0.608879523629805,-0.060851515076287166
1693297652328715776,6,-0.7511188782660116,0.935232204105723
1693297652436781312,6,0.8280586371413934,-0.17413051563510962
1693297652545265920,6,0.640835950447014,0.4076699135398143
1693297652661965824,6,0.48230611377669197,-0.984789730018127
1693297652770147328,6,-0.2507123979598873,-0.5521268023913979
1693297652878647808,6,-0.4327911545692513,0.7592143216532743
1693297652986940928,6,-0.4710018588990468,0.6769683495562233
1693297653103518720,6,0.590276418765451,-0.17056695113627907
1693297653211940608,6,-0.5168911218023666,0.800374506548927
1693297653320296960,6,-0.17088667999692841,-0.968939870204824
1693297653428675072,6,-0.6932493032439035,-0.25118851898953887
1693297653545256192,6,0.6334140229070668,0.6400687805003735
1693297653653461504,6,0.19989134844349254,-0.32982012375577185
1693297653770237696,6,0.918321185889653,0.9856582497063231
1693297653878672384,6,-0.5163377738633816,0.9469806461239216
1693297653987007488,6,-0.6146791932542934,0.2888687162595649
1693297654103564800,6,0.6570997990903404,0.6026632924667055
1693297654203672832,6,0.15570723159763866,-0.7422590711803481
1693297654320220672,6,0.2725469826223208,0.9547112692611321
1693297654428753664,6,-0.6525654583704619,0.8083427446801206
1693297654536991488,6,0.03455415604179568,-0.12519682599649573
1693297654653645568,6,-0.8008441521223657,0.6023439485777955
1693297654762004736,6,0.008514093136380962,0.26288213695486995
1693297654870245376,6,0.568562587976637,0.6860614532555918
1693297654987004928,6,0.2546367632845843,-0.47953975443038543
1693297655095495168,6,0.10581101714153829,0.8974006075025294
1693297655203901696,6,-0.5924748466423986,-0.81346918604314
1693297655312047104,6,-0.12515792233440104,0.25778825238395076
1693297655420476928,6,0.18657638360632367,-0.9443633315250333
1693297655537054720,6,0.415151827688105,0.8411887880027276
1693297655645456128,6,-0.8424549911648955,-0.23519030175671185
1693297655753902848,6,0.4846792479480677,-0.7389039697734388
1693297655870349824,6,-0.09258747645522436,0.26300358440860716
1693297655978749440,6,-0.28375729640491065,-0.5205562315505339
1693297656087012608,6,0.7958184811734441,-0.4061549873079522
1693297656195537408,6,0.07083444059575772,-0.5094911645902305
1693297656303712000,6,0.5600579054221122,0.5720963981465541
1693297656412132096,6,0.5407831707668262,0.31851539092881764
1693297656520444416,6,-0.45007035012597796,0.869951786753081
1693297656628826624,6,0.25487601791532066,0.2767731396078741
1693297656737124352,6,0.15870915155021903,-0.7931615395705176
1693297656853699840,6,-0.0817445527434495,0.19178888384527437
1693297656962407424,6,-0.7858466931904051,-0.4350739231408438
1693297657070866688,6,0.7892095771525456,-0.8144457179698137
1693297657187038208,6,-0.011509897639995659,-0.27720536421657926
1693297657295486208,6,0.6766317666764923,-0.21839958279324012
1693297657403839744,6,-0.017926085063197483,-0.9560860631801915
1693297657520568320,6,-0.8528480606300044,0.9184343461049014
1693297657628858112,6,-0.8473746298209435,0.3746728214607702
1693297657737057280,6,-0.2494912610990776,-0.3728301281697781
1693297657853757696,6,0.8166047997903603,0.6170981103346294
1693297657962194176,6,-0.6403871283120666,-0.9797194167429482
1693297658070409216,6,-0.642645855848992,0.13458769963999684
1693297658187113728,6,0.21330971799506138,-0.9370990527092349
1693297658295523584,6,0.9518317482294207,0.9874791554627376
1693297658403751168,6,-0.0321780145925874,0.22800999283779944
1693297658512474368,6,0.09296554334483376,-0.6832234632708349
1693297658628916992,6,0.4833936580196174,0.8531663584946634
1693297658737254400,6,-0.614309480695266,-0.9408895144469414
1693297658854078208,6,-0.953923649817781,0.02348944188596258
1693297658962217216,6,-0.6953079668237787,0.7337485159172212
1693297659070523648,6,-0.7704230860088412,-0.5660844291821479
1693297659178918400,6,-0.34492054375164183,-0.5604777770721503
1693297659295484416,6,0.4554877980292098,0.879696207144562
1693297659403819008,6,-0.46481893548866404,-0.0368502557391297
1693297659512285440,6,0.9064587219352995,-0.3028932406293814
1693297659620455168,6,0.10299422818309845,-0.41135824520820763
1693297659728907264,6,0.49038891209679436,-0.00839658921864661
1693297659837146880,6,0.02531309345879662,-0.2001156967528448
1693297659953989376,6,-0.6138915233300157,-0.6540809691268736
1693297660062254848,6,0.3741149134343231,0.7746297823994774
1693297660170673152,6,-0.43783447203231907,-0.21434815074660496
1693297660287185664,6,0.16729651083280483,0.5328977344569397
1693297660395704576,6,-0.37682974091689125,0.588199052301523
1693297660512475648,6,0.9075241494485786,-0.024336420990948904
1693297660620815104,6,0.7657146669351715,-0.15252535646662446
1693297660728959232,6,0.49415854024401185,0.631784399133156
1693297660837189120,6,0.24582192462025731,0.2145913002348816
1693297660953868544,6,-0.14137404859482094,0.1342840694325491
1693297661062305792,6,-0.25207902643241487,0.26539693503590955
1693297661170524672,6,-0.871467494228432,-0.665501894214009
1693297661287175168,6,-0.932479978232124,0.0227136202613063
1693297661395769344,6,0.1737384857208768,-0.4130529075282501
1693297661503958272,6,0.6533728372641219,0.29019594118562453
1693297661612308480,6,0.9302904982939091,-0.2954933285965522
1693297661720785408,6,-0.9401200992666192,-0.6401915280663899
1693297661837244160,6,-0.3546376760395349,0.581792744784279
1693297661945720064,6,-0.2845109664601364,-0.8547193375947453
1693297662053960192,6,0.3139092232534333,-0.25607143126369025
1693297662170551296,6,0.5590291070111526,-0.7553927896971555
1693297662279038976,6,-0.3628217177347479,-0.9781979513644783
1693297662395762176,6,-0.34226122179966545,-0.06924674559430422
1693297662503941632,6,0.5904788422817175,0.797487947831284
1693297662612316416,6,0.12328116694443136,-0.22881823355534303
1693297662720628224,6,0.20360382217429818,0.054524722955575866
1693297662837243136,6,-0.7941596126413539,-0.4439030629952905
1693297662945869824,6,0.21580874839828978,0.76672024737934
1693297663062457856,6,0.7198252777955676,-0.8503516081877294
1693297663170898176,6,0.7853280402164178,-0.15649971839589005
1693297663279039488,6,0.5124024068594808,-0.36443341056414735
1693297663387299328,6,-0.3597571820296286,-0.6057534955492656
1693297663503948544,6,0.605450384228442,-0.002698063153150132
1693297663612438784,6,0.9805194329383291,-0.15752550781877317
1693297663720634624,6,-0.7518146417620017,-0.6577205419327219
1693297663837315072,6,-0.34625048054499796,-0.23428496366110574
1693297663945885184,6,0.15282763572437608,-0.42992617163306046
1693297664053994240,6,0.28733321701445624,0.712206133838873
1693297664162363648,6,0.9759095311857313,0.8232862869169093
1693297664279041280,6,-0.43126836223813836,0.6832857276030413
1693297664387297024,6,-0.19437842015909879,0.7916590501884668
1693297664495944192,6,0.8360689659046185,-0.921759510973247
1693297664604190208,6,0.2895513328354402,-0.8610917706803478
1693297664720648704,6,-0.8097603644452958,0.6050265642267296
1693297664829084672,6,0.44650733919439123,-0.4506529075326078
1693297664937364992,6,0.50738455870486,-0.19931131482471232
1693297665054054912,6,0.11290040276368596,-0.3736506775942654
1693297665162440960,6,0.22464129398871613,-0.21334501656228588
1693297665270805504,6,0.3929138777251069,-0.09083651761209044
1693297665387357696,6,0.6973446256085802,0.9343050555955144
1693297665495772416,6,-0.7571741067904885,-0.25218783411825085
1693297665604064000,6,0.23595400307690517,-0.9414236363170392
1693297665720662784,6,-0.9043315228006761,-0.9792079457829235
1693297665829086976,6,-0.7897286118039435,-0.3542819192798621
1693297665937546240,6,0.37519782370706434,-0.12863507529584695
1693297666045838336,6,-0.6596170948741329,-0.6176806133373394
1693297666162510848,6,0.8045529695195255,-0.2622409341313301
1693297666270719232,6,0.8057611664765829,0.9791300595542989
1693297666379105024,6,0.8682207120692915,0.7360297449304309
1693297666487612928,6,-0.48062461788476507,0.5698880708676006
1693297666604111616,6,-0.778392805933902,0.8942897216124845
1693297666712508416,6,-0.8499156495373379,-0.341342051507211
1693297666829117440,6,0.22550126599710918,0.6249710526996324
1693297666937408512,6,-0.4601758912404652,-0.6593227397671579
1693297667045886208,6,-0.7244733485064925,-0.07861247480062517
1693297667162502400,6,-0.7474225860933561,0.723789798438571
1693297667270717440,6,0.506069653989826,0.7755968250357164
1693297667387562752,6,0.931672526828603,-0.17341216449583108
1693297667495822848,6,-0.10644051926977571,-0.7552533817028448
1693297667604189440,6,0.055177856095484534,0.15576944467316278
1693297667720686592,6,0.3225379510239337,0.9526989054760575
1693297667829182720,6,-0.35617727380031394,0.46172916118363005
1693297667937343744,6,-0.5483389632135725,-0.4723759328394834
1693297668045843200,6,-0.4075316233727131,-0.8344114519207226
1693297668154092800,6,0.1170304691127253,0.7457446641083993
1693297668270802432,6,0.3189615554680565,0.47053655767237346
1693297668379198976,6,-0.5882175312196454,-0.8439665425547302
1693297668487500800,6,0.943530417898383,-0.8794661430645665
1693297668595895040,6,-0.9737437863573588,-0.5677290638066772
1693297668704111104,6,0.6370228884378109,-0.6241651402764683
1693297668820933888,6,-0.7909305640988031,-0.582677083998987
1693297668929441024,6,0.18104619922641696,0.05528927615176604
1693297669037656064,6,0.7169176684820506,0.5209759167489612
1693297669145861888,6,-0.3763491405768342,-0.09195606924162303
1693297669262540032,6,-0.6920021497039948,0.009022818590111559
1693297669370866688,6,0.8282505293199496,-0.5624303383127267
1693297669479185664,6,-0.2727124335531035,0.9501293667023165
1693297669587540480,6,0.7357175740670867,0.02692808513374212
1693297669695951616,6,0.5600421190292373,-0.6240930547022923
1693297669804129024,6,-0.44432313109794297,-0.6716073500176372
1693297669920744704,6,-0.3857064403370829,0.7396627601570229
1693297670029341696,6,0.29676592502093824,-0.7054205319143219
1693297670137500672,6,0.7523924724336473,0.4900519864290829
1693297670254224128,6,-0.5188750771196495,0.7881961086518587
1693297670362606592,6,-0.6259404679126044,-0.9428275007569729
1693297670470948608,6,0.32377100781925616,-0.09471816790168264
1693297670579217408,6,-0.4688425493489774,0.853855439280037
1693297670695896320,6,-0.8318664676781471,-0.1370527265658077
1693297670804147712,6,-0.698759907529831,0.00438078389835983
1693297670912664576,6,0.015853648390464548,-0.8936858558455021
1693297671020861184,6,-0.4548222665521402,-0.8043746046850921
1693297671137511936,6,0.29724349651519244,0.4640032191279524
1693297671246078976,6,-0.15482325562936627,-0.41198821083531345
1693297671354189056,6,-0.19461579357616454,0.18809833043702984
1693297671470893568,6,0.05912550698888497,-0.012767545601450658
1693297671579309312,6,-0.1328693165006556,0.3623210497181333
1693297671687893504,6,0.2926897145650422,0.9179434345823942
1693297671804265984,6,-0.5608404708625689,-0.8937244579932324
1693297671912648192,6,-0.9286240849609599,-0.4676435107176433
1693297672020903424,6,-0.86830522817177,-0.7979360181769808
1693297672129484288,6,-0.5470699685424525,0.24044148176181723
1693297672237536256,6,0.4316466361963658,-0.216183820472875
1693297672354207488,6,-0.7973914560692268,0.4678487453470923
1693297672462672896,6,0.7590553416562644,-0.4634661004666738
1693297672571082240,6,-0.5885892484928801,0.5714553028877896
1693297672679255808,6,-0.3047337735161304,-0.42401490053753044
1693297672787556352,6,0.1926267935034427,0.46776454155306313
1693297672896077824,6,-0.8115148665744243,0.006480305012798837
1693297673004655872,6,0.4009424540716162,-0.04648334176703184
1693297673120901120,6,-0.38935162346714836,0.8133355332603442
1693297673229321984,6,-0.52276102944862,-0.3697750019812214
1693297673346274816,6,-0.8610907321178101,-0.6253111759997114
1693297673454310912,6,0.7997384437205839,-0.7163326894902733
1693297673562748416,6,-0.9745303442175481,-0.05079861837740918
1693297673679402496,6,-0.3318917003150754,-0.6449698958639674
1693297673787684096,6,-0.47233562348399283,-0.8460458640646173
1693297673896015872,6,0.35840588450820365,0.7061793358584325
1693297674004258048,6,0.1880103104135935,0.9390830617223702
1693297674120866816,6,0.16631771625588043,-0.02338531802269017
1693297674229552896,6,-0.5049791414653027,-0.7812280052128955
1693297674337576704,6,0.6378528776376071,0.13453346014091738
1693297674454237696,6,0.9808262033858681,0.6707180623454998
1693297674562799872,6,0.05053836857000693,-0.6653905249388148
1693297674670874624,6,-0.7068340811840215,-0.8121798023582629
1693297674787650560,6,-0.3907954573051242,0.47237292432304234
1693297674895983360,6,-0.09476729496327274,0.46963000820250866
1693297675004516096,6,0.9795862368600825,-0.48532097543167296
1693297675112753920,6,-0.027013372577177952,-0.2714213362522311
1693297675229404416,6,-0.9728778924383301,-0.2947472438047227
1693297675337676032,6,0.4203143020531366,0.7827448326026059
1693297675446171392,6,0.5490525910844954,0.7139123211075027
1693297675563079680,6,0.8043336546971964,0.19148708111576496
1693297675670975744,6,-0.7744778652498507,0.371568315018846
1693297675779483648,6,0.45643108546436295,-0.9585454441919867
1693297675887616256,6,0.9572748751985869,0.7125310483612954
1693297675996176384,6,0.31873382619153046,-0.7167337483585716
1693297676112816896,6,-0.0043355370923181535,-0.5112643900873632
1693297676221166592,6,0.48202485882946955,0.9465811763811187
1693297676329472512,6,-0.28116014292377955,0.4887302382182177
1693297676446185472,6,-0.6123157751463764,0.9096288141277171
1693297676554406400,6,0.2774675057520217,0.9309061210442167
1693297676662857728,6,0.7542880717946843,0.357603051437682
1693297676779429376,6,0.7984427647648817,-0.10146130640310558
1693297676887676928,6,0.9166122507466798,0.05381375811922906
1693297676996163072,6,-0.46938133373368784,0.3581327251917876
1693297677104418816,6,0.7759898056268046,-0.21794754878956324
1693297677220961280,6,-0.16541142843266599,0.9878874164260496
1693297677329467904,6,-0.38135340525846684,-0.9178000453186508
1693297677446437888,6,0.04015546592825103,-0.3134511137877172
1693297677554400000,6,0.22473485951067884,-0.1330807537535892
1693297677663063040,6,-0.08994465221967674,0.9363060711700553
1693297677771071232,6,0.5846810243576439,-0.42318293288066133
1693297677879602688,6,0.9389397801210713,-0.002145962011322
1693297677996146688,6,0.3710533998479111,-0.06736505507047386
1693297678104420096,6,-0.6995444964887774,0.9333429379728699
1693297678212886272,6,0.2475902670344836,0.32864064220498235
1693297678329604096,6,-0.3927088009294153,-0.4234800925162958
1693297678437671680,6,0.5995701297331859,-0.9688152007183704
1693297678546206720,6,-0.9180938122075006,-0.43396540246202653
1693297678662988800,6,0.18614323621147522,-0.8936134355013603
1693297678770999552,6,-0.38835699848696237,-0.1393543429336621
1693297678879516416,6,0.3205066298560806,-0.9987165771439368
1693297678996158464,6,-0.4971330741387787,-0.2995635289144205
1693297679104614400,6,-0.43346892617250554,0.7180210873781625
1693297679221033984,6,0.33065199790186117,0.5377707564942407
1693297679329583616,6,-0.6899259693371467,-0.827993069392486
1693297679437735168,6,-0.4586622097694242,0.9918285121478607
1693297679546369792,6,-0.6065451736442629,0.17044967291146262
1693297679654467840,6,-0.8385641233503518,-0.5622844691256184
1693297679771036416,6,-0.05364446441926418,-0.2907355241666958
1693297679879439872,6,0.6234181773439089,0.2740892974472169
1693297679987779072,6,-0.15487342478165633,0.9338136301064912
1693297680096255232,6,-0.8037226067031378,-0.47747817754456223
1693297680204474112,6,-0.39595468942763223,-0.3785283986732071
1693297680313007872,6,0.12781522327387718,0.35784642213482254
1693297680429642496,6,-0.35504019551902655,0.15633483438456586
1693297680537739264,6,0.3666423673579149,-0.6009866707023912
1693297680646252288,6,-0.7286184964133458,0.10856753885035464
1693297680754995712,6,-0.3978754683584558,-0.8288041457931081
1693297680871118080,6,0.13333018015501863,0.2566376546197291
1693297680980041728,6,0.09166135167140022,-0.2480681123971087
1693297681087993600,6,0.7518429582395008,-0.12621436870035097
1693297681196357376,6,-0.72278024961693,-0.11619733729759774
1693297681312922880,6,-0.37347907567299665,0.8697596294457208
1693297681421159680,6,0.4251970105999556,-0.06324225136348849
1693297681520998144,6,-0.14466165801059372,-0.15898867008914186
1693297681635721216,6,-0.17948275117152956,-0.9446541232979553
1693297681752445696,6,0.11781820694241096,0.9149835074956669
1693297681860734464,6,-0.15816275643663147,0.5117129108397005
1693297681969071616,6,0.23041710118724068,-0.39522002955329305
1693297682078414592,6,-0.5147086891483901,0.024413591222631092
1693297682193996288,6,-0.7454502788053492,0.08653910308945778
1693297682302465792,6,0.13114920076437642,-0.41331362644529324
1693297682411269120,6,0.5106703466938038,-0.21468135526871923
1693297682519075328,6,-0.19411574795724107,-0.9880943080364495
1693297682635837440,6,0.6149620527475403,0.7498217451275628
1693297682744153600,6,-0.0795584941029841,-0.8913075315258043
1693297682852484096,6,-0.8906144906554396,0.6597885785426723
1693297682960692736,6,0.2997598813034432,-0.33303309091419453
1693297683077425408,6,-0.8052018758365493,-0.41884615174765294
1693297683185788160,6,-0.03706419928978533,-0.33738480710515195
1693297683294151424,6,-0.8782704603457052,0.4809458789917451
1693297683410693120,6,0.3488259987655411,0.47872684474216953
1693297683519271168,6,-0.8939594670895836,-0.5898711008390185
1693297683627459584,6,-0.7116961991481596,0.48084823738453464
1693297683744098304,6,-0.009390694850642367,-0.5529128328702997
1693297683852676096,6,0.3513615226696152,0.7045113914426488
1693297683960890112,6,-0.39821558254600387,-0.37821834207859584
1693297684077783296,6,0.9783172597964287,-0.9870983987209672
1693297684185847808,8,-0.03008971179032449,0.375549393902717
1693297684294282496,8,-0.7705822726019911,-0.9999285764541912
1693297684402525184,8,0.20758132457582734,-0.7579311651017882
1693297684510952704,8,-0.8062727265476275,-0.5914126917182354
1693297684627614976,8,-0.05251519345259115,0.6654529050857498
1693297684735864064,8,-0.11236825003156237,-0.8886936765008504
1693297684844548352,8,-0.7563771709811129,-0.19088532799900304
1693297684960916480,8,0.9653925327069153,0.6405419146258808
1693297685069163008,8,0.6834416068751854,0.09343849510359048
1693297685177679616,8,0.6433729173654326,0.3626408940424002
1693297685286489600,8,0.7186277755820649,0.23431703631872725
1693297685402574336,8,-0.13529260238637986,0.2723943296321909
1693297685510958336,8,-0.6303842940675293,0.6371002010196221
1693297685619438336,8,0.3149307257038636,-0.6584490163398535
1693297685727648000,8,0.4833294406477906,0.09336205125378116
1693297685844338688,8,-0.04768320202132381,-0.4199276225350943
1693297685952794112,8,0.3350710585716319,0.9181828288549749
1693297686061020672,8,-0.01407172728569206,0.3353993188616833
1693297686169381120,8,-0.21762155911593473,0.39530540704511385
1693297686277634816,8,-0.7853283216958689,-0.16620706299701937
1693297686385981696,8,-0.1503340877865773,-0.9440586822715071
1693297686502437376,8,-0.08583544015695921,0.12841816826804564
1693297686610997248,8,-0.977960712007611,-0.3944768602537583
1693297686719311872,8,0.29021797553334117,0.786441946881882
1693297686827777792,8,0.2397529251050856,-0.9147364063842844
1693297686944511744,8,0.8141168706823418,0.9255930504099059
1693297687052572416,8,-0.06418578501903749,0.44613053587600837
1693297687161178880,8,-0.446191921694278,0.9635073715197224
1693297687269296384,8,-0.28450467436554483,0.7116791436228478
1693297687377777920,8,0.006411242645682824,-0.30233183648361983
1693297687485981184,8,0.4124492336072869,-0.2187513483607002
1693297687594408448,8,-0.8744684580788482,0.31183849500719774
1693297687702651136,8,-0.2962659946689996,0.43841821794432034
1693297687819472384,8,-0.3214178463893871,0.430364666263221
1693297687927889408,8,0.5733937343960895,-0.4433197113132339
1693297688035955968,8,0.5252151736385218,-0.3941402297693948
1693297688144397056,8,-0.21214254098817564,0.8323200470108612
1693297688261104896,8,0.2902680111489393,-0.2469545310354977
1693297688369253632,8,-0.05649537435409746,0.31794362038932045
1693297688477776128,8,0.1520779089406159,0.8548244909492166
1693297688585895168,8,0.5507959970668717,0.05086781470814361
1693297688702678528,8,-0.7411560610269203,-0.3518467755786763
1693297688811216384,8,0.9103891936052548,-0.3038095595763144
1693297688919195136,8,0.23495004817673948,-0.19245229560777588
1693297689028133120,8,-0.9101417358290875,0.7040623684656246
1693297689144510976,8,-0.6816406513496591,-0.806919117789552
1693297689252941568,8,-0.787559129306169,0.8684678178924661
1693297689361074688,8,-0.04717398697645403,0.5198185627391123
1693297689469460480,8,0.9626567925772564,0.6171109664033094
1693297689586051072,8,0.46529410474903776,-0.5267656280781061
1693297689694509056,8,0.7995886188858063,-0.6520040820812709
1693297689802679296,8,0.7849457023156203,0.5116277482110221
1693297689911158784,8,-0.15988768752849403,-0.8712601950477565
1693297690027719936,8,0.22380724922543527,-0.7710524344828984
1693297690135954176,8,0.6936037056138358,-0.8542366111050779
1693297690244529152,8,0.5267038997161702,0.21306660221955243
1693297690352673024,8,0.6813587103703536,0.8471016909788136
1693297690469449728,8,-0.35768157083301255,0.39745145215853483
1693297690577708800,8,-0.24474210838650712,0.9777417277901734
1693297690686278656,8,0.1475593232582244,-0.6005311430138656
1693297690802692608,8,-0.4950101153388171,-0.12497029187010211
1693297690911071488,8,-0.42782133481656714,-0.5976145156897024
1693297691019284224,8,-0.6758208359172493,0.6276754815657353
1693297691136157440,8,0.6173444359005125,-0.6154083745774881
1693297691244555008,8,0.16421589291457894,0.2582313263391305
1693297691352812288,8,0.33731649959394505,-0.5929207796865823
1693297691461014016,8,0.6200176945412543,0.7865820229833764
1693297691569578752,8,-0.28087799587271123,-0.18394525992430721
1693297691686200576,8,0.09316168523566648,-0.8560697683585985
1693297691794705920,8,-0.6293912875300467,0.45995423134779334
1693297691903229696,8,0.8219770003599451,0.28446475458375353
1693297692019464448,8,-0.007649061230765364,0.6648058177154477
1693297692127993088,8,0.140740138703223,-0.052534259843077136
1693297692236463104,8,-0.2957878953742208,0.23695772736900667
1693297692344829952,8,0.1173946239564061,-0.7242529272795337
1693297692452816128,8,-0.8656906420159629,-0.14497650227739367
1693297692561345024,8,-0.2477635461989507,-0.8582647656030593
1693297692678149888,8,-0.8437123875738326,0.5647747146673032
1693297692786232320,8,-0.4035460337860435,-0.7641450092388355
1693297692894690304,8,-0.5388529889065177,0.20297917039003988
1693297693011436544,8,-0.33816041018750553,-0.5519575503270657
1693297693119643392,8,0.881235037593491,0.8445466582201198
1693297693228247808,8,-0.4972363056178928,0.4065466278479277
1693297693345070592,8,-0.8640943635636191,0.742946671811685
1693297693452915712,8,0.9362296355973034,-0.8504457543131143
1693297693561499136,8,0.1507117486208438,0.7063904332780799
1693297693678126080,8,0.8636180998570822,9.401607870040962e-05
1693297693786410496,8,-0.20156068178050357,-0.8867036022850632
1693297693894806016,8,0.39503581660700404,-0.7782510581199451
1693297694011508224,8,-0.05804258678962482,0.834782674684136
1693297694111349504,8,-0.4738938562090398,-0.940043940659244
1693297694219676160,8,-0.3239095148234712,-0.4782377898616903
1693297694336339456,8,-0.3309175090785619,0.5294718304185861
1693297694444726528,8,-0.7214227437342211,0.09417469526473243
1693297694552842496,8,0.46774533882154756,0.8483485245308988
1693297694669688320,8,0.32667225468634853,0.7565403589953259
1693297694769671168,8,-0.5287655965454114,-0.8541761963715842
1693297694886252032,8,0.8959951931812791,0.8086477310955777
1693297694995145984,8,0.40618166081612483,0.531148445717804
1693297695111442688,8,-0.9292758502685194,0.9621120850855571
1693297695219806976,8,0.8998155655896689,0.1962952574981658
1693297695328146176,8,0.22486530139093963,-0.8388130234551634
1693297695437425152,8,0.10285050390320238,0.8932013530949439
1693297695545812480,8,-0.4589831870298122,-0.91651804590134
1693297695662428928,8,-0.9287998304278149,0.015208530802205633
1693297695770692096,8,0.30067393705632806,-0.1369688737751158
1693297695887291904,8,-0.3931632968553629,0.6996670048899918
1693297695995830016,8,0.942931297835039,-0.9571134756319741
1693297696103989504,8,-0.8892869051344126,0.5472264853391431
1693297696220702976,8,0.6227263390447837,0.06837172222344412
1693297696329152768,8,0.7205889430550989,0.3638824326335648
1693297696445992960,8,0.47584714022420127,0.10499192002673952
1693297696554102016,8,-0.8957191648017648,0.5313630309287876
1693297696662728960,8,0.3908810634201376,-0.14056270269546234
1693297696770648064,8,-0.1463328369029624,-0.7244591397705198
1693297696887522816,8,-0.12409429076325074,0.7942934575029192
1693297696995689216,8,0.9650691137246978,-0.26458265853242446
1693297697104024064,8,-0.6127087422739621,-0.12695033970372993
1693297697212509952,8,-0.8841549867664247,-0.5359331504703939
1693297697329597696,8,0.17723494783117832,-0.5457482276400107
1693297697437483008,8,0.4949513785923876,0.7766706765850637
1693297697545918208,8,0.5863616844448085,0.13609722324877538
1693297697662574848,8,0.9818774730230435,-0.970202880006197
1693297697770736896,8,0.4396536983538031,0.6252437838447638
1693297697879459328,8,-0.8467766485116692,-0.7465682113385814
1693297697987479552,8,-0.6388130443901423,-0.9125611437242347
1693297698104208640,8,-0.3006650715706347,0.310417903817068
1693297698212620800,8,-0.5115113109634994,-0.41517455682581317
1693297698320875520,8,0.21224769052592873,-0.04259726915385098
1693297698437503488,8,-0.7552472851188439,-0.8463923323694189
1693297698545923584,8,-0.4996022889260927,0.08729239114911791
1693297698654180608,8,-0.010141496281993678,0.4704372557017926
1693297698762424320,8,-0.28608337197243916,0.8302017280274652
1693297698879098368,8,-0.559425421900424,0.4262677178191976
1693297698987611392,8,0.8828539753993396,0.5604168109805261
1693297699095830528,8,-0.41463317172272607,0.30728774136611503
1693297699212546816,8,0.05368837554720751,-0.4649295014313022
1693297699321234944,8,0.39554337473838275,0.006890805130871591
1693297699429154048,8,-0.8920049317682468,0.8008507551377095
1693297699546044672,8,0.4110033504748858,0.24374356100272676
1693297699654179072,8,-0.4404323089354325,-0.592890129803878
1693297699762605312,8,-0.7257370227362909,0.951876811996027
1693297699870768128,8,-0.5389281465867282,0.48381731738098943
1693297699987594496,8,-0.5784607362337701,-0.255220029876966
1693297700095828736,8,0.6327594189038881,-0.7160775358100584
1693297700212543232,8,0.9558194016680901,0.3966838783067077
1693297700320887296,8,0.299816172781467,-0.09247402916781655
1693297700429233664,8,-0.7715227302716725,-0.002185019309443259
1693297700545862656,8,-0.9324876327768181,-0.4440653385484197
1693297700654164736,8,-0.2316466823158736,0.6543577010198902
1693297700762873344,8,-0.8310134103935951,-0.4418150357220436
1693297700870832384,8,0.21949545121097946,-0.009285002665989639
1693297700979389184,8,0.7255456206588176,-0.23067350023955502
1693297701095878912,8,-0.9111688997678691,-0.5885397586326753
1693297701204205056,8,-0.6311464062344181,-0.13783007066708897
1693297701320923648,8,-0.8954806974470251,-0.38970385445198286
1693297701429296384,8,0.0830983335226223,-0.3043909231241959
1693297701537559808,8,-0.9480157954982817,0.21747858456489544
1693297701646001408,8,0.7863387217554194,0.8453973655128115
1693297701762596352,8,0.8148991653700579,0.6204873733716958
1693297701870917888,8,0.18191725338316167,0.5145044330856969
1693297701987520768,8,-0.31811123004874187,0.658478910051741
1693297702092954880,8,-0.13184797963884054,-0.14490162160079678
1693297702209961472,8,0.45845226837048636,0.4708289765179263
1693297702317999616,8,-0.8857628135771052,-0.7815795905397214
1693297702426240512,8,-0.22377887439022093,0.44259405035484867
1693297702534805248,8,0.355939049831308,0.7170281855894796
1693297702651430144,8,0.8759521474653686,-0.07299492621667669
1693297702759628800,8,0.145205106127563,0.13660610868055145
1693297702867981312,8,0.037825722397874406,-0.6749022608949988
1693297702984718080,8,-0.2374179293612768,0.491267740616397
1693297703093040896,8,0.8493222778771357,-0.7362545742435367
1693297703209553920,8,-0.9696331727400405,0.5991778475433398
1693297703318087936,8,0.9019344638942601,-0.8289262652575062
1693297703426321664,8,-0.5001347695091487,0.08560911261774473
1693297703534757376,8,-0.32493529362853435,-0.2107975924222738
1693297703643411712,8,0.23109449854895292,-0.27661026613790773
1693297703751435520,8,0.3184598870651911,0.5648525752578839
1693297703868230400,8,0.6205189939076292,0.21599835175781124
1693297703976353536,8,-0.7513871743247635,0.13688215107882717
1693297704093035520,8,-0.35802121704817136,-0.47096491087089976
1693297704201513472,8,-0.6424312078385253,-0.07455146286984271
1693297704309803264,8,-0.12018144117488427,-0.06712099854642517
1693297704417991168,8,0.9317709857035226,-0.03958418015028409
1693297704535026688,8,0.6886506610603393,-0.5643150000481176
1693297704643365632,8,-0.8828303280536784,0.8776685160330964
1693297704759841024,8,-0.4471086577021439,0.220657043925641
1693297704868081920,8,-0.3719469315812993,-0.8719130241805388
1693297704976326912,8,-0.6403921804129042,0.5319536594560101
1693297705084869888,8,-0.44771131486384874,0.7381107433874745
1693297705193035520,8,-0.7455550398317141,0.2606763567700283
1693297705309853696,8,-0.7061964292639618,0.2358986088034234
1693297705418092800,8,-0.9008406515021257,-0.7711068741291638
1693297705526629888,8,-0.9229964437446672,0.36888276795624453
1693297705643051008,8,0.7211405551479588,0.15978143091998143
1693297705751546624,8,-0.9160888261585278,0.43471539360213907
1693297705859725312,8,-0.8783742643638881,0.4290991275306215
1693297705976516608,8,-0.48189049996014943,-0.48510985052409517
1693297706084856576,8,0.35677563913063537,0.7149806149215596
1693297706193120768,8,-0.2933299162918128,0.43663859434028063
1693297706301612544,8,0.20115767769063786,-0.30054069892818513
1693297706418071296,8,-0.845041714505286,-0.11237463186409236
1693297706526371328,8,0.022071034870299933,-0.5260425775640918
1693297706634932992,8,-0.3484219078665094,-0.2572812761494838
1693297706743611904,8,0.6453858864458837,-0.16806065929840264
1693297706851510016,8,0.2837740544449585,0.7517062765819489
1693297706968442880,8,-0.7138410355941267,-0.3469189165984581
1693297707076715520,8,0.5763289237065157,-0.33002842999847504
1693297707185012736,8,-0.18372489664864222,0.30395642481320495
1693297707301637120,8,-0.05862993087650037,0.9470024003693913
1693297707409880320,8,0.24383273767169422,-0.6793743615105463
1693297707518221568,8,-0.9107788459826616,0.860617028922785
1693297707634922496,8,0.8237453191165243,-0.9489294274712787
1693297707743218432,8,0.21807629185139588,0.6160684274599815
1693297707851517952,8,0.02159228497397847,0.5617475024170191
1693297707959968512,8,0.016364541403459665,0.1629729973202978
1693297708068259584,8,-0.3118945071110155,-0.5702625605636882
1693297708184955392,8,0.6614535388750769,-0.9348009428820114
1693297708293246976,8,0.4525195233534973,-0.23782067354601888
1693297708410080000,8,0.9956417031468761,-0.8431100553992488
1693297708518144512,8,-0.8453771180119343,0.8710357396650228
1693297708626722304,8,-0.5508379851966743,0.006991773811175772
1693297708743228416,8,0.14887849435693568,0.09646606048868955
1693297708844222720,8,-0.16383976431239589,0.46609132172528445
1693297708959912448,8,0.6951901596558034,0.05551279780574947
1693297709068344832,8,-0.8971369921102821,-0.0553416809559204
1693297709176577792,8,0.04889614165329914,-0.11796517197878131
1693297709285016832,8,-0.4616345585134092,0.6720178809053261
1693297709393172224,8,-0.41386938227609527,-0.5119420092003868
1693297709501704704,8,-0.5138533145337412,0.5352868285398893
1693297709618275840,8,-0.27607008470757766,-0.08835765250300809
1693297709726596608,8,0.49637655872697906,-0.7691661612231564
1693297709835020032,8,-0.5179070466010649,0.4655966603399595
1693297709943615744,8,0.7604535581160456,-0.2762376803205897
1693297710060093184,8,-0.2960307812622618,0.011286885685380721
1693297710168343808,8,0.8292710239037422,0.3066598547124044
1693297710276966656,8,0.21043716714307403,-0.10206395706081195
1693297710393422080,8,-0.16229954019541593,0.1386845086190267
1693297710501733376,8,0.6535678354910757,-0.7494374822718362
1693297710609939968,8,0.07523179419255133,0.5528965429852266
1693297710726621440,8,-0.18476512023649927,0.16951067247841722
1693297710835140352,8,-0.7237196921475879,-0.47944209283804984
1693297710943362048,8,-0.42622962085050653,-0.3723113221233485
1693297711059947008,8,-0.8369880853816452,-0.15795481942555423
1693297711168492288,8,0.9664955012261653,0.1520235016077791
1693297711276780032,8,0.26525953235389643,0.5452899515346319
1693297711385178368,8,0.7997449365245655,0.7528113939474395
1693297711493300224,8,-0.9689754967872659,-0.7584223088826896
1693297711601776384,8,-0.47324775508776984,0.10915755795511406
1693297711718934784,8,0.8602503310123124,0.4857079848795438
1693297711826641920,8,-0.7472040970704139,-0.9318486625871278
1693297711935108352,8,-0.13716027104956718,0.3800931299766246
1693297712051781888,8,0.9798669676931904,-0.7352444899842578
1693297712159988992,8,0.7337599773602139,0.8372460065501053
1693297712268516352,8,0.8085207853072685,-0.2912644575915786
1693297712385106176,8,-0.1953649864058391,0.11388156177751574
1693297712493315840,8,0.4239670230953676,-0.7619407126783091
1693297712601750784,8,0.7948526415931518,0.7967077841854167
1693297712718385152,8,0.1829560042732572,0.23325918775456822
1693297712827095552,8,0.9882682073441085,-0.9095246035791555
1693297712935167744,8,0.477496846329029,-0.2900847353053235
1693297713043331328,8,-0.10220931603499928,-0.18225054992985745
1693297713152153856,8,-0.1004925706878681,0.6696093445374092
1693297713268473344,8,-0.4214177167764297,-0.045787905154918374
1693297713376792576,8,-0.730788920321418,-0.6330984424992285
1693297713485112832,8,0.531911426627012,0.832683694662244
1693297713593477120,8,0.8732428924646076,-0.8324210174045505
1693297713710113792,8,0.7911983431545457,0.18710657347810677
1693297713818692608,8,-0.2602521825744646,0.2988095202077501
1693297713926815232,8,-0.24125083803479574,-0.12282591794845077
1693297714035198208,8,0.017334382571774443,0.17616175531297285
1693297714143302144,8,0.8895361985714185,-0.806202795620806
1693297714251912704,8,-0.4053029344485184,-0.31776557790803994
1693297714360197888,8,0.1282626765620356,0.7946032512961869
1693297714476842240,8,0.1596564130220992,0.6881308544880682
1693297714585193728,8,-0.14662093989167824,-0.35439985418218756
1693297714693542144,8,-0.36284339789598863,-0.6431683755887498
1693297714810247680,8,-0.7136068784902332,0.6279743603624799
1693297714918485504,8,0.4692514968273662,0.9784107466188801
1693297715026798336,8,-0.57863862170968,0.03826994118476246
1693297715135123200,8,0.15027564584588604,0.2309549944753555
1693297715243607808,8,-0.8010669298865556,-0.4304180865646521
1693297715360358400,8,-0.7628978447937496,-0.45230299999362655
1693297715468635136,8,-0.1221665110642709,0.7706983263689393
1693297715577018880,8,-0.42304235787384403,0.8353861310992987
1693297715693495040,8,0.9776111484493342,0.5069376097041285
1693297715801919488,8,0.8490317051362184,0.3328672241960273
1693297715910302720,8,-0.717993749738097,-0.5863137758945907
1693297716018565376,8,0.6775799916490639,0.5097294772990408
1693297716126901504,8,-0.9452997505904506,0.805082604881302
1693297716243672576,8,0.9197134061253731,0.0796594997929918
1693297716352057600,8,0.5979840039481619,-0.9866697864477949
1693297716460361984,8,0.6650089893102378,-0.9484453891286171
1693297716568508672,8,-0.5937181222165002,0.8836119167190755
1693297716677024512,8,0.14233032504472964,0.4641788370136122
1693297716785483776,8,0.04178779015211309,0.6620756306327786
1693297716901939200,8,-0.41011683765060925,-0.780770246442394
1693297717010143744,8,0.41264439998840774,0.6894882488241878
1693297717118681088,8,-0.1111898736822643,-0.13546810309208124
1693297717235361024,8,-0.47388693560862816,0.7290055027129951
1693297717343580160,8,0.9861545008190451,0.46326748533123085
1693297717452047616,8,-0.7670747195416754,-0.29255767459212123
1693297717568833792,8,-0.841865841384567,0.5866405102974439
1693297717677599744,8,0.45472318044826876,-0.3457685685645464
1693297717785383680,8,0.014120345344203145,-0.44778394023382595
1693297717894188800,8,0.26124788426640233,0.02568822610499666
1693297718001982720,8,0.5540911417318657,0.4136196030369039
1693297718118822400,8,-0.37038014989685264,0.8494599616282708
1693297718226903808,8,-0.13324475138725655,0.8647360012695742
1693297718343664384,8,0.5883947986557603,-0.36494560256006325
1693297718451933440,8,0.6828620815004449,0.3222608542089913
1693297718560205824,8,0.7551470641207814,-0.9287276275577763
1693297718668591872,8,0.2689943109048165,-0.9840588234973888
1693297718777097216,8,-0.7262506546624994,-0.24758188617058385
1693297718885464320,8,0.8863247367770901,0.34669526212928137
1693297719001949696,8,-0.4694279064220874,-0.6971337872071988
1693297719110242560,8,0.627737703727258,0.4671213700879573
1693297719218587648,8,-0.43480065268588186,-0.6028540635887873
1693297719327438080,8,0.7517278952704622,0.9016655164406631
1693297719443682816,8,0.7143135923636494,0.4988919528452913
1693297719552434432,8,-0.9936045790565196,-0.8654774652318487
1693297719660371200,8,0.11547432260538915,-0.5829060567916855
1693297719777221632,8,-0.6437699490962516,-0.16368130314377471
1693297719885636352,8,-0.47385237197014374,-0.23941954030057233
1693297720002109696,8,0.16779791168445013,0.27542925400590557
1693297720110355712,8,-0.03153387411741715,0.3138819330086591
1693297720218670848,8,-0.6398713308887236,-0.39979885755938516
1693297720327098112,8,-0.5362133253359933,-0.4157681663635999
1693297720435582720,8,-0.029880099144250716,0.5934923534099383
1693297720543862272,8,-0.215579888256757,-0.2857442566243811
1693297720660364544,8,-0.03808189488325686,-0.8069335338632684
1693297720769074944,8,-0.7752651577752987,0.7617903783443329
