rover_timestamp,sat_timestamp,x_offset_ratio,y_offset_ratio
1693382748637709056,4,-0.07492574224712478,0.5217205639024165
1693382748970939648,4,0.44641699163502424,-0.6945627848259013
1693382749323399680,4,0.8643002090872334,-0.5087069155736512
1693382749431894528,4,-0.9825070153850637,0.710814657387056
1693382749548373504,4,0.5326992611935353,0.026491818030264458
1693382749656654592,4,-0.9585640802843409,0.00901949248966849
1693382749765007104,4,-0.886299857589518,-0.7301017915159276
1693382749881735680,4,-0.9033110667904185,-0.6881811790684296
1693382749981718016,4,-0.7354180329751141,0.7233765812064572
1693382750090017280,4,0.6685598398326462,0.14772900615867157
1693382750198427904,4,-0.44144589509956234,-0.508422159329889
1693382750315049728,4,-0.6497099889783684,-0.7802476329590426
1693382750423427840,4,-0.5035704052137302,0.28027223953620717
1693382750531719424,4,0.509027228389286,-0.865851938979979
1693382750648433920,4,-0.24514980411672216,-0.998853217256032
1693382750756720128,4,-0.0784545909033263,0.5976761056476312
1693382750865067776,4,0.35505082837132407,-0.20996615960723553
1693382750973402624,4,0.08293790707342219,-0.1922030763507978
1693382751090089984,4,0.050101570287647945,0.9242097980879731
1693382751198419712,4,0.8865706849046966,-0.2921290280463589
1693382751315076352,4,0.2110343214492778,0.4367117112521488
1693382751423415552,4,0.4986866027891428,0.5032625235830219
1693382751531796736,4,0.046940832389445575,-0.18464341510987992
1693382751640089344,4,0.006305096416575173,-0.0005466025137925712
1693382751756750592,4,0.6096774494114021,-0.5862139750507911
1693382751865159680,4,0.19959643475286049,-0.26499746975383154
1693382751973428736,4,-0.4031156433293792,0.20879150784261813
1693382752090101760,4,-0.17517399217825713,-0.2481115564775771
1693382752198639104,4,-0.25275316798871983,-0.37090963889328266
1693382752306793216,4,-0.602594304825196,-0.967916917568886
1693382752415114496,4,-0.12892492450666349,0.27690735087316476
1693382752531795712,4,-0.7056596659132774,0.7303943573002503
1693382752640171776,4,0.58104860423142,0.4984506240464017
1693382752748468992,4,0.29814263870955293,-0.39605572229086206
1693382752865134848,4,-0.5110164412511091,-0.9672439113184277
1693382752973467136,4,-0.5458570286085656,-0.1219479254943141
1693382753081823744,4,-0.02644833327473428,-0.06730190347298581
1693382753190129664,4,-0.06959059280802138,0.7647668749793233
1693382753298562304,4,-0.07340138956287356,-0.1683999455031997
1693382753415157248,4,-0.8973074965869487,0.8954508624305944
1693382753523487232,4,0.7940777337554523,0.845493452270103
1693382753631861248,4,-0.40916382709092436,-0.8937613166785969
1693382753748559104,4,-0.06982116536211924,-0.22688630391588038
1693382753856807936,4,0.3068640362041126,-0.13323533418590627
1693382753965161216,4,0.19647293230818264,-0.29045123128452577
1693382754073486080,4,0.025123008364539068,-0.04578380226307499
1693382754181814272,4,0.8679543581807234,0.737258074390509
1693382754298476800,4,-0.04108297723895826,-0.29503513378720925
1693382754406822656,4,-0.6130413962849712,0.8439705745386712
1693382754515139328,4,-0.6681092081806634,0.9841991231039573
1693382754623479808,4,-0.7081219443032487,0.42221004607662715
1693382754731922432,4,-0.460782780350939,-0.9506329818143442
1693382754848484864,4,-0.5626124049622641,0.042182063628232846
1693382754948546304,4,-0.951720305556675,-0.1931758920246225
1693382755065203200,4,0.5970223488349622,-0.07941805799416102
1693382755175607296,4,0.24354534337736156,-0.43014566052008374
1693382755283947264,4,-0.8981673002060659,0.03399504103692119
1693382755392279296,4,-0.7534044104288067,-0.12320430936675564
1693382755500640768,4,-0.02496635268020375,0.5272792952354497
1693382755617308416,4,-0.927688156570196,0.5586157522796056
1693382755725844992,4,0.4573288820525603,0.1327011511616072
1693382755833976320,4,-0.8654216379129214,0.9362589143712818
1693382755942300672,4,0.8658951643811608,-0.2441500227130644
1693382756059123712,4,0.321232523236739,-0.1202770809613194
1693382756167362048,4,0.44508703999526333,-0.4657883026607115
1693382756283962112,4,-0.7155775165243632,0.8299896299292779
1693382756392314880,4,-0.8136207965482123,-0.2322209287321595
1693382756500624896,4,-0.21120118766669127,-0.9162167006132989
1693382756609003264,4,-0.3941794185025287,0.9071193208238784
1693382756717310976,4,-0.6110131082180759,0.13858975758648295
1693382756833982720,4,-0.16482189596486596,0.6518442464346677
1693382756942306048,4,-0.6967070933146553,0.09411194277088075
1693382757050682624,4,-0.4897042365308659,0.8321425201090571
1693382757158995200,4,-0.9988660366680251,-0.8675434714050378
1693382757267327744,4,0.7176813041785506,-0.4689846228474688
1693382757383990016,4,-0.03467084784787677,-0.8678218540684217
1693382757492374016,4,-0.06338676936724763,0.9623945380092251
1693382757600945920,4,0.8496435682864754,-0.013035534110113822
1693382757717305856,4,-0.840060939350469,-0.08078743798002952
1693382757825677824,4,0.7988106212427784,0.23359670829656554
1693382757933999104,4,0.958916267337149,0.7011876623172506
1693382758042357504,4,0.9113368534523807,-0.4838332745873415
1693382758159027968,4,0.11713717204221119,0.7783406064111875
1693382758267361792,4,0.6287608555273911,-0.338800271875791
1693382758375835904,4,0.3298829991598884,0.05341831081507076
1693382758484006912,4,0.3355037224584412,0.6707173096621646
1693382758592381952,4,0.17955916404796057,0.3652028632009716
1693382758700681984,4,0.6123779206551658,0.556592224487515
1693382758809049344,4,-0.5094069208771157,0.6298637095425306
1693382758917369344,4,-0.1322532671183949,-0.4556229363656996
1693382759025721600,4,0.8798800931697341,-0.39886210115441134
1693382759142370304,4,0.945522289339852,0.9826258034215731
1693382759250769408,4,-0.8974268592581087,0.1833856895617021
1693382759359047936,4,0.6033475974667952,-0.4847154452428699
1693382759467403008,4,0.6481379888649577,0.11002816593088505
1693382759575718912,4,0.6889763889234728,-0.5620948839076438
1693382759684089344,4,0.9123535938372911,-0.071304844242712
1693382759792422912,4,-0.6934834878735001,-0.8028055325540644
1693382759900729856,4,0.08441854277020178,-0.27401418369047326
1693382760017415680,4,0.48504713773504937,-0.16141693939905077
1693382760125775104,4,-0.33757373244934485,-0.8377415948734555
1693382760234074112,4,-0.6751090493342558,-0.037652657203501194
1693382760342428416,4,0.8568196991515507,-0.8673588071023519
1693382760450748672,4,-0.3720859896224067,0.7786130019560908
1693382760559226112,4,-0.12875314942114513,0.6301216696525769
1693382760675774464,4,-0.6919081149366066,-0.05365172060789747
1693382760784079104,4,-0.9388089726301156,0.8751880432721986
1693382760892512000,4,-0.7635471923946231,-0.5286353605014094
1693382761000752384,4,0.7582116871744173,-0.016278446796007318
1693382761117375232,4,0.9165485262326101,0.17684644779605518
1693382761225769472,4,-0.18936460569343527,0.6989001219736237
1693382761342459904,4,-0.4270648174995799,0.2211454481561408
1693382761450774016,4,-0.6702111462338078,-0.6816159993710793
1693382761559117056,4,-0.34571420262089325,-0.2463047079265328
1693382761667433984,4,-0.8342432513734723,-0.8358102726592087
1693382761775926016,4,0.5923885961984128,-0.9830202735953593
1693382761892456960,4,0.08074090523336253,-0.014703051796834066
1693382762000782592,4,-0.8153699050191903,0.9401204257248248
1693382762109138688,4,0.6161969855037852,0.2959395222647141
1693382762217537024,4,0.9836745418810515,-0.9958254773734787
1693382762334179840,4,-0.644853859652808,-0.7330333994116929
1693382762442461184,4,0.9674021280345289,-0.2664660263249321
1693382762550840832,4,0.37132340547566955,0.6535147532818373
1693382762667448576,4,-0.2854989965847399,0.14399451147794995
1693382762775805440,4,-0.919140336435712,0.7857594536210206
1693382762884125696,4,-0.33971652239603833,-0.9221155047965717
1693382762992537600,4,0.16572700563588416,0.9763693368362443
1693382763100964096,4,0.22872668505032512,0.6428595620773898
1693382763209167616,4,-0.6155037017234761,-0.6601312175831775
1693382763317517568,4,-0.218271675345437,0.9869622512215388
1693382763434544640,4,-0.7849230577449458,0.1867403133426373
1693382763542542080,4,0.23087016995027398,0.052174986476947405
1693382763650860800,4,0.6636044325342321,-0.43111029060757167
1693382763759204864,4,-0.8701149603376306,0.21233546513908252
1693382763875894016,4,-0.48003555599757974,0.28692805433385304
1693382763984342784,4,0.3998854535056866,-0.8077596203026844
1693382764092557312,4,0.21296717559981193,0.3780640554979
1693382764209223936,4,-0.9359325260908384,0.7043128660121203
1693382764317482496,4,0.33001715187440084,0.38981754292041515
1693382764425904128,4,0.6205415793137021,-0.282496155027977
1693382764534214400,4,0.017751757895927867,-0.4126934609787254
1693382764642555648,4,0.4113148572241965,-0.19781194004461788
1693382764750910720,4,0.613931729353921,-0.5297498286626117
1693382764867557120,4,0.9691973454821534,-0.3813478102347947
1693382764975913216,4,-0.3467806993343341,-0.5186374416755624
1693382765084235008,4,-0.7025581642503349,-0.6895618433237427
1693382765200868352,4,-0.8410937479324925,0.17536619119557173
1693382765309245952,4,-0.7645637221980099,-0.7846510112550003
1693382765425963776,4,-0.10215961745217839,-0.7013463568274718
1693382765534187776,4,-0.8531156885255091,0.5407334168661864
1693382765642643968,4,0.37545161425993423,0.15854061006388132
1693382765751014400,4,0.4372809601068013,-0.12933033093988056
1693382765867598336,4,-0.7547629933078102,0.28862204653426016
1693382765975945728,4,0.8851574610418182,0.1042404730525679
1693382766084308224,4,0.17534159574726216,0.8748723970221097
1693382766200950016,4,-0.5804562435211296,-0.053543438670312415
1693382766309298688,4,-0.9323277419178289,-0.6869380862892527
1693382766417606912,4,-0.6170227923231477,-0.8678892992598983
1693382766534299904,4,-0.9372409754824438,0.7061351657454278
1693382766642659328,4,-0.495636084831371,-0.6268750159067094
1693382766750935808,4,-0.0047661444022664146,0.3166588986896355
1693382766859297024,4,-0.20502072894983336,0.418283460476613
1693382766967646720,4,-0.35284083411675327,-0.7341934917005719
1693382767084347392,4,-0.346183631639462,0.9333942339924652
1693382767192664832,4,-0.15530320020906907,-0.37042324307463903
1693382767309306624,4,0.8309864811824874,0.13313747745951798
1693382767417639680,4,0.3997104940408749,-0.9851225932065524
1693382767525995520,4,0.566413360300349,0.908579144635802
1693382767634285824,4,-0.16839793185567364,-0.026211591429696313
1693382767750986752,4,0.9767376830362717,-0.7036644512113115
1693382767859361792,4,0.7684382519176749,-0.5199532432439267
1693382767967637504,4,0.2078436686896925,0.9141252231279358
1693382768084353536,4,0.8146137923338321,0.4415687796549934
1693382768192694272,4,-0.1642596119873363,0.5417198838178088
1693382768301010432,4,0.26307592333447216,0.42273043607120186
1693382768409376768,4,0.6004172506165046,-0.2539522150579123
1693382768526087168,4,-0.994525386324566,-0.03440326792645432
1693382768634521088,4,0.6486480827521395,0.002153787042397548
1693382768742713856,4,-0.5778764762311304,-0.33496416091388914
1693382768859447808,4,0.3173312821652603,0.4730909279592701
1693382768967658752,4,0.009962279698938481,0.06173819885686305
1693382769076084224,4,0.7791727413048617,0.9872621385825842
1693382769184442624,4,0.2249275733020637,0.22444901163370923
1693382769301060352,4,-0.1301246766788986,0.8996338804255586
1693382769409423616,4,0.6005588924799148,-0.09009499901320761
1693382769517751808,4,0.4382144151773324,0.09424636200358383
1693382769626086144,4,0.07758450503334569,0.5115471550291235
1693382769742790400,4,-0.9109726803826441,-0.33478918644912703
1693382769851060224,4,-0.18532740191638086,0.25408546574541546
1693382769959594240,4,0.5836765626489886,-0.05096486464809247
1693382770067721728,4,0.7564687493032978,0.8580968151024442
1693382770184456192,4,0.8282104117329092,0.2175209160431868
1693382770292827136,4,-0.5381095271842256,-0.3696409041464006
1693382770401119744,4,0.18178733025341542,-0.10145732365994897
1693382770509441024,4,-0.3994349853468957,0.3041093923474061
1693382770626168320,4,-0.9225790527949294,-0.541054149442431
1693382770734485248,4,0.8087608602578003,-0.49171617038827287
1693382770842788096,4,-0.46926817291550327,0.061485636669707855
1693382770959477504,4,-0.9189117070764166,0.9040171775446404
1693382771068045312,4,-0.10150013507932476,-0.2060396372936606
1693382771176209408,4,-0.1399784826075472,0.917274893464233
1693382771292792832,4,0.6047823548806281,-0.4527305880895611
1693382771401284352,4,0.6288493558689041,0.09309185951824328
1693382771509540096,4,-0.16648988401378095,0.003503678270368571
1693382771626331136,4,0.9051945020668222,0.5892594421920068
1693382771734447360,4,0.2800393072961842,-0.38759175287334835
1693382771842789120,4,0.20048994814327648,-0.8976086155081453
1693382771951131904,4,0.9777367797520196,-0.5731708923862875
1693382772067787520,4,0.32257717180787404,-0.4248857232976735
1693382772176181760,4,-0.7682566813344676,-0.5303331773634383
1693382772284531200,4,0.978554165199794,0.12150942870559134
1693382772401163264,4,-0.3428252312952771,0.09012650931034272
1693382772509483520,4,-0.5994858441619375,0.3701680813655328
1693382772617927680,4,-0.8406462173346456,0.2936859614490912
1693382772734526720,4,0.8931571167687253,-0.9586182072839151
1693382772842962432,4,-0.7402450452583735,0.49882049457753563
1693382772951163136,4,-0.4836135630455223,0.3149143351959678
1693382773059525888,4,0.3436217346354198,-0.1688487058600565
1693382773176225536,4,0.8119090859062879,-0.5918133448189231
1693382773284593152,4,-0.6721854007031081,-0.8047913794950741
1693382773401178112,4,0.8634829415198937,-0.3810151517706353
1693382773509547776,4,0.0846390827232224,0.09736133573983019
1693382773617863424,4,-0.8628204602565503,0.9656272106702419
1693382773726260224,4,0.7464423197722565,0.7060605725214304
1693382773834484224,4,-0.9933435625793707,-0.5208971639576216
1693382773942910976,4,0.5573297406783615,0.58885304269862
1693382774059553280,4,0.8887278030820354,0.9302873489107262
1693382774167860224,4,-0.7732584809526759,-0.09741681311235073
1693382774276392192,4,-0.7571219131281515,0.5319995855568542
1693382774384535552,4,0.5590750505714399,-0.06940554811388866
1693382774501233920,4,-0.7558049785905798,0.33599675617167346
1693382774609584896,4,-0.44339886627350755,-0.8334637976250194
1693382774717892096,4,0.5780000551347448,-0.293519673103116
1693382774826248448,4,-0.22423863699135338,-0.6213996776148014
1693382774934613760,4,0.8898814357858287,0.4506304862831165
1693382775051231232,4,0.8218398677390792,0.2406839401181835
1693382775159593984,4,0.9388442306713733,0.5329678518537311
1693382775276272384,4,0.9842459568892863,-0.6754157372442942
1693382775384609280,4,-0.315797624582949,0.04417341672208819
1693382775492936192,4,0.37905960581912423,-0.611659117360557
1693382775601254144,4,0.9822270709978622,0.5146287177737094
1693382775718067456,4,-0.2972348327966168,-0.3196384481563237
1693382775826277120,4,-0.22144358169041123,0.5135126327336066
1693382775934659840,4,-0.7928612260926511,0.02483950221333142
1693382776051442944,4,0.623618862069538,-0.5752800380062608
1693382776159641600,4,-0.6197126266200084,0.2749784660849439
1693382776267929600,4,0.5469267604701886,0.4954686864816351
1693382776384609024,4,-0.8661988679150157,0.9860444924928435
1693382776492951552,4,-0.5464976007564193,0.31405143341118413
1693382776601295872,4,0.8257655170673952,-0.011249653138849736
1693382776709655552,4,0.5416780331410942,-0.22544879731217038
1693382776817988352,4,0.2850547636877119,-0.6017738446597676
1693382776934608896,4,-0.9160707438531597,-0.09418116229652584
1693382777042979584,4,-0.9925565187493073,-0.2891570774149699
1693382777151307520,4,0.9753247896519337,0.8678401019057242
1693382777259697920,4,0.2974336495805623,-0.16893263534109804
1693382777376366080,4,0.675038233510223,0.9391674595351542
1693382777484643072,4,0.724013693086524,-0.829549474506384
1693382777593042688,4,0.686044768929144,0.1892969834881153
1693382777701312000,4,0.12282457599230323,-0.7670122147666589
1693382777809837056,4,-0.7284593958641619,-0.011309183335526996
1693382777926351872,4,0.9922713570535864,0.45180736126875853
1693382778034699776,4,-0.31859333634744536,0.2498930962507322
1693382778143046656,4,-0.9350398065724044,0.6704534238290829
1693382778251456256,4,-0.3658661805683736,-0.375883645756818
1693382778368039680,4,0.644329151893267,-0.4130973661104027
1693382778476394496,4,0.7173138276722169,-0.8901739874623924
1693382778584690176,4,-0.39958976708615346,0.9281560033321843
1693382778693210112,4,-0.7261610374464575,-0.4834371981666483
1693382778809802240,4,-0.24083767832397318,-0.6939264792104352
1693382778918055936,4,-0.320117609951839,-0.1759403350754043
1693382779026389504,4,-0.8512054983507165,0.061924656685966806
1693382779134958592,4,-0.8497766778128291,-0.38322973640816826
1693382779243066880,4,-0.4003597288299967,-0.9545355286278163
1693382779359747072,4,0.9625077290111066,-0.34449231349265363
1693382779468056320,4,0.42360061545783645,0.7390097698185552
1693382779576672768,4,0.8628206331276049,0.20581282078543195
1693382779693096704,4,0.7031397834438475,-0.2749356759581838
1693382779801381376,4,-0.8096854690516131,-0.4716002975702469
1693382779909736704,4,-0.332429687405948,0.776816772278055
1693382780018063872,4,-0.6347620848355986,-0.5753790649439665
1693382780126649344,4,0.600743175727708,-0.5369612418252423
1693382780243130624,4,-0.4469702048377915,0.6829343849515082
1693382780351433728,4,0.10041677586496811,0.0826126622106611
1693382780459928832,4,0.718505160207497,0.6231542037846725
1693382780576431872,4,0.0978730013252691,0.15472376153320688
1693382780684822016,4,0.3809644363234135,-0.40558719774604723
1693382780793129472,4,0.10473349180668157,-0.4049078807169839
1693382780909824256,4,0.7906516254492071,0.5046038617311024
1693382781018094592,4,-0.9185251398102614,0.8376766276056209
1693382781126436096,4,-0.15965768556345306,0.315795024235048
1693382781234865152,4,-0.46190362064399837,-0.8958930650816614
1693382781343158272,4,-0.8625048980963981,0.8979676506623036
1693382781459786752,4,0.17660851782574416,-0.7863426075666791
1693382781568114432,4,-0.046045824251698786,-0.06155376420169212
1693382781684905216,4,-0.27774360170977297,0.08392882506386834
1693382781793224192,4,-0.4714354998051087,0.18170770912851641
1693382781901530880,4,0.12238094054199022,0.5882142372068131
1693382782009896704,4,-0.835982243209141,-0.6632403852771342
1693382782118190848,4,0.29697151360158824,0.1380304500564553
1693382782234762752,4,0.7333843872528343,0.2616777541078361
1693382782343226624,4,-0.9663090188754251,-0.563164238203337
1693382782459863808,4,0.41632299313934773,-0.661260832281982
1693382782568175872,4,0.9145831141200009,0.7276505929596442
1693382782676526592,4,0.019368905404009373,0.9792936952100766
1693382782793179648,4,-0.9894270199326993,0.04595024697590966
1693382782901495808,4,-0.45337117349072176,0.5893220265187511
1693382783009887744,4,0.5525246238982704,-0.6249000952742576
1693382783118319872,4,0.09512754139172586,-0.8812566782575382
1693382783234856704,4,-0.5779849646500059,0.33376457375945345
1693382783343246848,4,-0.6150564130391871,0.05556229193070972
1693382783451497472,4,-0.3114642629592046,-0.19095881322441266
1693382783559965440,4,0.181540256910667,0.8214924719681098
1693382783676642816,4,-0.42467449204086916,-0.501938646787631
1693382783784883200,4,0.7122799588675452,-0.7507023855014987
1693382783893239552,4,-0.15955163158477426,0.29667522915089006
1693382784001516800,4,-0.004645526387503374,0.955631689945023
1693382784109932544,4,-0.18891007317994002,-0.6176701225819345
1693382784218225664,4,-0.49412757618278325,-0.7436179283765554
1693382784326604800,4,-0.6312841353647973,0.28164111942356995
1693382784443260160,4,-0.7600455289010055,0.34204754604071574
1693382784551602944,4,-0.7351028515239331,-0.9195876087120824
1693382784659912704,4,0.9962899573146695,0.4897602952504785
1693382784768232192,4,0.46250496912299455,0.3681363373207862
1693382784876890880,4,-0.7340758597072976,-0.5637286562241755
1693382784985089536,4,0.9187996255250803,0.14914944772150607
1693382785093210112,4,0.3037059934467816,0.4344730095680702
1693382785201740800,4,0.659941415432455,-0.9724801568186905
1693382785309920000,4,-0.7860926934874508,-0.5873331062931642
1693382785426597888,4,-0.7112326004059979,0.44862842035238937
1693382785534888192,4,0.5711949635035418,0.7376022840851071
1693382785643273472,4,-0.3497767749838532,-0.17774632008784064
1693382785751578624,4,0.31904045520523083,0.3606290560225336
1693382785859976192,4,-0.11317645515323083,-0.596902119252738
1693382785976817920,4,0.27010314383976874,-0.5864370705304887
1693382786084963584,4,-0.29364362078904094,0.7399021486320643
1693382786193294080,4,0.7162271730119758,0.32460710768056655
1693382786301718528,4,-0.02017333375046393,0.8982860188766932
1693382786418311424,4,-0.12509836183587586,-0.4957774728081019
1693382786526622720,4,-0.1334132185044512,-0.6827898016362699
1693382786634921216,4,0.5627861751457555,0.6673800805150316
1693382786751600128,4,0.4966486313752474,0.04856399132419975
1693382786860043008,4,-0.5923202423244067,-0.7791670280500265
1693382786968286720,4,-0.42558012693080527,-0.4331076550583828
1693382787076674304,4,-0.6458798434413631,0.5381071271563711
1693382787193370880,4,-0.05353206715441927,0.5252666701315694
1693382787301644800,4,-0.8694099398481183,-0.09114188927646016
1693382787410035200,4,-0.39360862010344855,-0.5513685278692384
1693382787526644480,4,-0.5981519864733384,0.7276956182064944
1693382787634990080,4,0.6789359372382642,0.9270163534670308
1693382787743353088,4,-0.46072101353916106,-0.03929942517629792
1693382787860032000,4,-0.12374141954173834,-0.7330265340634321
1693382787968307200,4,0.5620156263473772,0.2904407156393314
1693382788076718592,4,-0.2308367011118997,0.9729862354474565
1693382788185189888,4,0.10349311694052377,0.2837769975360669
1693382788293554944,4,-0.7106156630840244,-0.4646484148317178
1693382788410057472,4,-0.2583318423922625,-0.4903776393844508
1693382788518424320,4,-0.8023308028010712,0.7240048148973854
1693382788634971904,4,0.03296105264814697,-0.37956564506287993
1693382788743354368,4,-0.19257052212507197,-0.8740644519454859
1693382788851708160,4,0.9143082631350847,-0.7857616954859232
1693382788960246784,4,0.7975513381185133,-0.49580246493652247
1693382789068438528,4,-0.5114116108754738,0.9153579275078612
1693382789185044224,4,0.8627432518595193,0.7117003144859391
1693382789293425152,4,0.14882734118394025,0.8488613446044819
1693382789401728000,4,0.8436549631200319,0.25503867115135015
1693382789510059520,4,0.9549034912635057,-0.9932583250240044
1693382789626789632,4,0.9172430339391535,-0.34524664627770907
1693382789735203328,4,0.37927555694709003,0.10774477451631648
1693382789843392256,4,0.1359021267488041,-0.9970789629069083
1693382789951875840,4,-0.6131617249940058,-0.7830675284174244
1693382790068463104,4,-0.3873238903152829,0.5283244315512281
1693382790176783616,4,-0.4976645753379625,0.6091863851538533
1693382790285169152,4,0.17238471209208228,0.2576940864615689
1693382790393481472,4,0.3396725631044808,0.9213079750772166
1693382790510215936,4,0.13043134754928953,-0.2862249896512936
1693382790618436096,4,-0.24015697133757974,0.24923844927949812
1693382790735133440,4,0.7805141396058211,-0.35056988826686997
1693382790843484928,4,0.7155928810856933,-0.2862386931272771
1693382790951801600,4,0.5178530550176967,0.06497197350009043
1693382791060155904,4,-0.013698902315234074,-0.13835361663249457
1693382791176874496,4,0.12487055385755541,0.37945859247845815
1693382791285184768,4,-0.7936151688522257,0.7918506136088928
1693382791393704960,4,-0.5373911349365816,0.7331031120401135
1693382791501785600,4,-0.5900812973516751,-0.175280250087668
1693382791618553088,4,0.9919121077450419,-0.8547920718399413
1693382791726886912,4,0.36192150398752965,0.9518545351709136
1693382791835141120,4,-0.11743764998866668,-0.7285575088749505
1693382791943527424,4,0.47604894957741695,-0.5630590860414955
1693382792060232704,4,-0.8062876308468601,-0.4870869217560021
1693382792168493824,4,0.8364069102331939,-0.18172363757673726
1693382792276857344,4,0.9826311659874154,0.28603845221737356
1693382792393520640,4,0.7796031303679478,0.7862054736775821
1693382792501854208,4,-0.8130340823409814,0.8471343254552708
1693382792610413824,4,0.223548071366237,-0.8129796861795218
1693382792726848512,4,-0.4993666441574762,0.19664693678753187
1693382792835252480,4,0.49283547146777784,0.8765434289114287
1693382792943610368,4,-0.517580001888118,-0.0479750679582851
1693382793051949312,4,-0.44583699791021436,-0.6659245393082944
1693382793160175872,4,0.5146527990083225,0.45732918391163047
1693382793268581632,4,0.852456433207494,-0.02090110157332714
1693382793385279488,4,0.9845139118486426,0.5914445729823259
1693382793493573888,4,0.7749365468434111,-0.7998129116190944
1693382793601841920,4,0.007400908811080464,-0.5413415443180345
1693382793718855936,4,0.15134959336623477,-0.9998141761555417
1693382793826926080,4,0.3927581660294355,0.8693096541896412
1693382793943568640,4,0.5066547759228319,0.11257372343449301
1693382794052001792,4,-0.6714112903639768,0.4778013988958474
1693382794160275200,4,0.9614098016501433,0.14340844782235318
1693382794268698624,4,0.33459718935575977,-0.6149107490171757
1693382794385279232,4,0.6446280502819144,-0.5315608868379147
1693382794493602560,4,-0.9095916638904777,-0.6412168712041371
1693382794601926656,4,0.6545549215237934,-0.6047106663491106
1693382794710236160,4,-0.410000064062251,-0.8774496814361026
1693382794826931968,4,-0.10106597504578274,0.23729242584876764
1693382794935329536,4,-0.9370181989986268,0.4514876889026349
1693382795051955968,4,0.44812378591542834,-0.2667151745091296
1693382795160252160,4,0.5131787788892739,0.522185210877562
1693382795268626944,4,0.6694927913957796,-0.13635495075688553
1693382795377090560,4,0.37583425735336506,0.667239336686678
1693382795485501440,4,-0.6818622578124696,-0.24382771540250192
1693382795601991424,4,-0.6572496984223182,-0.929740987225925
1693382795710298112,4,-0.6498085158401783,0.6858154221311268
1693382795818668288,4,-0.15928669112139326,-0.8303453808364636
1693382795935386624,4,-0.6849313495787208,-0.8535739458540128
1693382796043636480,4,-0.16989432113707492,-0.13076308028016803
1693382796152064256,4,0.39937507826983243,-0.6676216383853542
1693382796260423168,4,0.4273940253296771,0.42744461528952904
1693382796377054208,4,0.7676572751572988,0.06173160597632621
1693382796485401088,4,0.8018277128346611,0.18336583523415095
1693382796593870848,4,0.9237822132876197,0.17124094045769445
1693382796710388992,4,-0.339901419186768,-0.09388968113963081
1693382796818714624,4,0.6575510799470194,0.18853918511938716
1693382796927382528,4,0.3210332478179576,-0.5688248283621953
1693382797043723008,4,-0.10188285373320705,-0.6557299701728114
1693382797152148480,4,0.6733800589251002,-0.10984842063225231
1693382797260346368,4,-0.3685395976866981,0.21256262383084135
1693382797377082112,4,0.8524262269350049,0.5966042246194112
1693382797477026560,4,0.6712474080924353,-0.6074607013789393
1693382797593859072,4,-0.40893156266918607,0.545116134516116
1693382797702052352,4,-0.07026322294402765,-0.817950503904749
1693382797810452480,4,0.16280503742914654,0.5932035996693017
1693382797927077376,4,-0.7464421108241239,-0.8924156095126596
1693382798035366400,4,0.4740071550051803,0.06708578690234734
1693382798143922688,4,0.7143515961343778,0.12012969671669116
1693382798252095744,4,-0.21078589693705774,0.2993105587461937
1693382798368872704,4,0.4248979499580303,0.6334086974742732
1693382798477108224,4,-0.8943366033143636,-0.6404148110892569
1693382798585482240,4,0.7515981678932968,0.59788578937094
1693382798693741312,4,-0.5190341784357837,-0.8984836562213903
1693382798810369024,4,0.7166063130930274,0.0873410237494261
1693382798918778368,4,-0.8516541385427903,0.07800576913769985
1693382799027239680,4,-0.8328642347587354,0.050151743554569306
1693382799135469312,4,-0.8129269442013172,-0.4777196149218701
1693382799243748608,4,0.09781485998898654,0.6562202152358003
1693382799360458496,4,-0.9119628753107683,-0.01898329183094205
1693382799468811776,4,0.6758028597429449,-0.7205751418639712
1693382799577058560,4,0.5800562682823511,0.39755103940143255
1693382799685483776,4,-0.8212338161773225,-0.7043555583828682
1693382799802218752,4,-0.11530470741636711,-0.15575518129885446
1693382799910474496,4,0.2677089504409771,-0.839686233732982
1693382800018968064,4,0.5202791887796283,-0.07820158951528922
1693382800135542272,4,0.3626778762982974,0.9855037755850831
1693382800243838208,4,-0.32463702514827086,-0.9337877517122113
1693382800352166400,4,-0.9769407692544527,-0.9453563872679436
1693382800460506880,4,0.32976427213674087,-0.951585577981386
1693382800568889088,4,0.6191949654085938,-0.9393051850254268
1693382800685519104,4,-0.3550067817431104,0.5151170453756755
1693382800793827072,4,0.6159442758118985,0.17168107749615902
1693382800902858496,4,-0.8347347872263731,-0.6191559660318513
1693382801011264256,4,0.9061773092355321,-0.8034788006696247
1693382801119606272,4,0.5672993644221767,0.0780626780919389
1693382801236303616,4,-0.2569210073762005,0.5749315713472072
1693382801344580864,4,0.49694348824983336,0.20974154808880763
1693382801452923904,4,0.438450815525282,0.9768058114251019
1693382801569599232,4,-0.3743119481348238,0.34435711972650207
1693382801678088448,4,0.5893791305163354,0.008040184462175137
1693382801794574592,4,-0.42027640711472447,-0.41572413949960385
1693382801902954752,4,-0.6814510958635742,0.09155046660849253
1693382802011290624,4,-0.7041127741284925,0.33628713453389714
1693382802119606272,4,0.08002670819727076,-0.42563239498229066
1693382802228110592,4,0.044444321248733765,0.5359742056817394
1693382802344631296,4,-0.6988455030959106,0.6487140471224286
1693382802452940288,4,-0.4220456108239976,0.24330992681249763
1693382802561348608,4,-0.9150803340358491,-0.24110948340781957
1693382802678600192,4,-0.9192336722143937,-0.13062015969585228
1693382802786839040,4,-0.9474972926952481,0.1984232969411186
1693382802895241984,4,-0.9944088211352065,-0.47742940655659494
1693382803011788544,4,-0.5087743196204941,-0.3092956746121063
1693382803120203520,4,-0.3170217113392271,-0.27706651801021076
1693382803228525312,4,0.031781409309496134,0.060070442407706315
1693382803345222400,4,-0.1896333042126721,0.12600301389310253
1693382803453490944,4,-0.5283964512799324,-0.7014538824900967
1693382803561856256,4,-0.46118143928524,-0.5443104953964422
1693382803670205952,4,-0.35671916053345365,0.32264781071242554
1693382803778525696,4,-0.2675787164252048,0.6431564267014809
1693382803887186176,4,0.5702798154477058,-0.2493489424943971
1693382804003558144,4,-0.9162536926188571,0.4285762166883944
1693382804112025856,4,0.2500338177348558,-0.893926554817976
1693382804228495616,4,-0.5841669702471814,-0.1796330719872936
1693382804336932096,4,0.7120512368412137,0.11652474790846767
1693382804445228288,4,0.23618220321948913,0.5730464458277973
1693382804553561856,4,-0.9660112742727032,0.2487962808998494
1693382804661965824,4,0.27248994936206095,0.8771940448307445
1693382804778594304,4,0.8492847163352639,-0.630467144760986
1693382804886959872,4,-0.870970963527087,-0.46437862810501884
1693382804995304704,4,-0.9060267965772957,-0.7551790793947679
1693382805103597056,4,-0.216646876144184,0.6697964300003021
1693382805211950080,4,-0.7514710889726135,0.1115868824010331
1693382805320224000,4,0.058579262174758506,-0.9900565406440525
1693382805428634880,4,0.2511568178725987,-0.4826767450250382
1693382805545312768,4,0.7138915157880994,-0.6451098539311042
1693382805653636608,4,0.8968904387003447,-0.0031055527857843934
1693382805762124544,4,0.8617995716484685,0.03132669916534714
1693382805870325248,4,-0.24382415833798965,0.5277056423974633
1693382805987102208,4,0.056642601605393805,-0.8716681540055766
1693382806095316992,4,-0.46440112229843167,-0.6902781326621803
1693382806203654912,4,-0.8689388909712292,0.39328908026341547
1693382806312020736,4,0.23814936992381575,-0.4096977751554607
1693382806428667904,4,-0.65825772998149,0.1428408569870303
1693382806536983808,4,0.3389903555360281,0.46110354822123933
1693382806645487616,4,-0.18471757624169105,-0.6828142699493562
1693382806762239744,4,-0.5145675557934328,-0.1604005730676734
1693382806870375680,4,0.43398224011824094,-0.26348697062955106
1693382806970405888,4,0.4504570937907635,0.05664209173454404
1693382807078708224,4,-0.5722513630376327,-0.38082993088999917
1693382807195356672,4,0.5565896816827345,-0.8356634458606649
1693382807303699968,4,0.7468883848306365,0.6440738348690285
1693382807412174336,4,-0.4167493589900011,0.9644167815392064
1693382807520392704,4,-0.22023829584312438,-0.2906478353419646
1693382807637168128,4,0.5005859341273449,0.5153160138519388
1693382807745349632,4,0.732546908758088,-0.9153616102548081
1693382807862005504,4,-0.19344163255901625,-0.5418418836426122
1693382807970406656,4,0.3515018130696954,-0.3201385655482232
1693382808078720000,4,0.36636679153077756,-0.41233379853260455
1693382808187053568,4,0.9184368530730609,0.8228658993429883
1693382808295425280,4,-0.9534717996617501,-0.8307862807835333
1693382808412037888,4,-0.2454577340523978,-0.17761674833158003
1693382808520398080,4,-0.4404247125523659,-0.41879846881359617
1693382808637054464,4,0.15141881942706847,0.629443861996456
1693382808746105088,4,0.010432674233234573,0.8361028734220859
1693382808854371584,4,0.5440737936774849,0.46156014664419254
1693382808962807552,4,-0.2632564121269676,0.1121806457252228
1693382809071116032,4,0.0019396620802119013,-0.6430907423732337
1693382809187825408,4,0.9645998817001757,-0.33689754120268445
1693382809296264704,4,0.9449522366263545,-0.06863460525728415
1693382809412739328,4,0.6635067268787409,-0.8769398380267952
1693382809521221376,4,0.3765146037925631,-0.924918036316392
1693382809629652992,4,0.373654911504407,-0.8849531413148937
1693382809737982208,4,0.7059307737853564,-0.5223657905364056
1693382809846247680,4,0.8329718145151952,-0.5821256493071931
1693382809954832384,4,0.5300928626051182,-0.2898730755697354
1693382810062795008,4,0.6570511538716037,-0.4845658155214556
1693382810179517696,4,-0.3698523807007039,0.4177561122503939
1693382810287868928,4,-0.21055999802871028,-0.556242349643931
1693382810396203776,4,-0.7171678422995211,-0.7956486777952667
1693382810512933376,4,-0.810850222240306,0.19971037588631968
1693382810621231616,4,0.05242282847240576,0.4425034504919727
1693382810729552640,4,0.5747461635437427,0.0887558318425763
1693382810846253312,4,0.21291299127921848,-0.6027622335985852
1693382810954449920,4,0.1866354061874551,0.2617471915302121
1693382811062880768,4,-0.6040196941408358,-0.5664354840709722
1693382811171517440,4,-0.19001098507600678,-0.35395966471070683
1693382811287812864,4,-0.5485647910950908,0.7647655517853338
1693382811396193280,4,0.7096270626002172,0.4467216294533105
1693382811504577024,4,0.9124211830476714,0.8362607918686036
1693382811612943616,4,0.22375033440222714,0.009772889266407292
1693382811729548032,4,0.5167967075362947,-0.3451178671207733
1693382811837848576,4,-0.22131866074639883,-0.07657374500125758
1693382811946235904,4,0.0013670155164369202,-0.18560500772426525
1693382812054554624,4,0.10509964406916583,0.7280317474078248
1693382812171181824,4,0.7836477906760864,-0.9786561144663259
1693382812279611904,4,-0.6303423761024542,0.6406977180625386
1693382812387879424,4,0.9945262195272324,-0.9412035556720155
1693382812496232192,4,-0.7865084210844566,0.5572660329196257
1693382812613309440,4,-0.7759707488158281,-0.74418597165351
1693382812721248256,4,0.19439332967802492,0.8486529590654401
1693382812829596672,4,-0.5112283276260392,-0.2454177538476594
1693382812946258688,4,-0.05545397643993155,0.40567720677482555
1693382813054511104,4,-0.4722256998827883,-0.43270163501738135
1693382813162943744,4,0.9580034851442591,-0.7605981087629712
1693382813279619328,4,0.4495552764525539,-0.16897818570327594
1693382813387902208,4,-0.9938517826455644,0.24211620807827638
1693382813496343808,4,-0.5725964696442871,-0.2641903071143834
1693382813604855552,4,0.5841650716333473,-0.7321473973112711
1693382813721226752,4,-0.8841099131665835,-0.37754428977234067
1693382813829569536,4,-0.858174624912238,-0.7536527086668969
1693382813937892864,4,0.05192283748520121,0.5437348272655635
1693382814046420480,4,-0.4263276590577345,0.07845865625505866
1693382814162913280,4,-0.5483118261195794,-0.20599573061036303
1693382814271256320,4,-0.045306230441476636,0.676130459105613
1693382814379591680,4,0.17311416773935617,0.5130423753996622
1693382814488066560,4,-0.18544195302268984,-0.6587986228623031
1693382814596287744,4,0.44590810176250484,0.8832002761302231
1693382814713006080,4,0.21313666704244283,0.011705177245770582
1693382814821263104,4,-0.8529968970992807,-0.09741612859041004
1693382814929728512,4,-0.3296174654708106,-0.16346204166494882
1693382815037931264,4,-0.8155505172141295,0.8675557529402205
1693382815146406400,4,0.39083416381501657,0.714554559152234
1693382815254610176,4,-0.41210323378365565,0.03936048650898072
1693382815371288576,4,-0.18550413935381593,0.49429063562830433
1693382815479740416,4,0.6591661478107564,0.26095591517171557
1693382815588156160,4,0.5560368864541081,-0.3250163758151434
1693382815704652288,4,-0.015248940354700036,-0.2090068991680516
1693382815804696320,4,-0.1292575006740111,0.5814638248645834
1693382815921400064,4,-0.90728319407494,0.3873726590869624
1693382816029704704,4,-0.7669747062572403,-0.7424271043164137
1693382816137980160,4,0.5606135256072426,-0.9640623340182719
1693382816253283840,4,-0.915682957413078,-0.6141228545482593
1693382816361625856,4,0.9805165239481248,0.04051312632765369
1693382816469937664,4,-0.5936355835002349,-0.21882052126779694
1693382816578319360,4,0.7690792025242359,-0.8232405063782291
1693382816694940160,4,0.7424703950097589,-0.9454609545128925
1693382816803301376,4,-0.6920163678391562,-0.08874249350012242
1693382816919982080,4,-0.3592435726477321,0.4903225930460311
1693382817028301824,4,-0.8001085079791146,-0.6489836906255091
1693382817136858624,4,-0.5627918503578468,0.7949872514685004
1693382817244965888,4,-0.28840932172459266,0.6347953592210029
1693382817361607168,4,0.01815163419084831,-0.6331922048890524
1693382817469954816,4,0.144083009790982,-0.029227754080619173
1693382817578289408,4,0.6948634309361896,-0.15105288083773893
1693382817686649856,4,0.122741723718508,0.804835723975238
1693382817803326208,4,0.24235733167616424,0.9678397554828544
1693382817911700480,4,0.6627830753294088,-0.4191983528485397
1693382818028332800,4,0.9262581175616658,-0.7683428638860568
1693382818136642304,4,-0.3919876084273981,0.10906143493889275
1693382818245047808,4,0.587622739789037,0.9702937967692316
1693382818362267648,4,0.560486528189021,-0.3147814378374778
1693382818470391808,4,-0.5251486528383662,0.7256673673854288
1693382818578978816,4,0.8254485510332614,0.4733162357468139
1693382818695430656,4,0.05721591616414878,-0.18508550455986605
1693382818803993088,4,-0.5760785008408509,0.2902711536631375
1693382818912249600,4,0.2290170896628101,-0.751725747385616
1693382819020538624,4,-0.7950505216862895,-0.2588743500182944
1693382819137125120,4,0.38221555492232984,-0.9638916461813145
1693382819245454848,4,0.6445137269421108,0.014798944715303408
1693382819353745152,4,0.9863810027310516,0.16168725054781463
1693382819470428672,4,-0.8703201442467194,-0.4213007943963347
1693382819578834944,4,0.1481749889519517,0.8699231895174575
1693382819687141120,4,0.42930553846602915,-0.09378412377992129
1693382819803797248,4,-0.4895119729206101,0.6146497006058846
1693382819912062976,4,-0.19428986674221305,0.19570073047521164
1693382820028830976,4,0.14557475781106288,0.8851818982655175
1693382820137155072,4,-0.15852415909426676,0.24896780509822447
1693382820245470720,4,0.6161401178817152,0.7391599831062359
1693382820362140416,4,0.3135424002470324,0.6605643712386275
1693382820470534912,4,0.28349863893777205,0.5189892888115448
1693382820578717952,4,0.49203802242514705,0.3518172305565965
1693382820687164928,4,0.5221687999551854,0.7084043242961504
1693382820795502336,4,-0.8206906335182282,0.04442483627121918
1693382820903851776,4,-0.7096379021515757,0.5670615191188526
1693382821012179456,4,0.15855916416792315,0.2735540114631525
1693382821120476928,4,0.13752240312398678,-0.7061362962372035
1693382821228880640,4,0.13067974303579288,-0.4111849960495031
1693382821345438464,4,0.5445990040963646,0.7746768192886306
1693382821453773824,4,0.13896306781148327,0.5845971103735825
1693382821562211840,4,0.7136692731745686,0.9065769638884611
1693382821670542080,4,0.7810793547388275,-0.7832902642346236
1693382821778862080,4,0.6783727523734415,0.6141548278833275
1693382821887225344,4,-0.5539441809887939,0.5610562285973462
1693382821995524352,4,0.5525375600026554,-0.1402508109180307
1693382822104117504,4,0.1278302752949112,0.9212560644377623
1693382822212226048,4,-0.890454956772639,0.24443573802229146
1693382822320688896,4,-0.9540786595639192,0.11581709195640011
1693382822437230336,4,-0.6899983674586747,0.2804789411681392
1693382822545532672,4,-0.08563700670314423,-0.1645926837274052
1693382822653942528,4,0.7832149867790985,0.28387191060169537
1693382822762256640,4,-0.65217075125461,-0.568186293400798
1693382822878877696,4,0.12331931208121039,0.9893837530076692
1693382822987431936,4,-0.5437792909146284,0.2134621474206051
1693382823095570688,4,-0.3484438259877778,0.3250866473078742
1693382823203906048,4,0.8157200271159666,0.30037917560282024
1693382823312196608,4,0.7970437996099196,0.04041704741899754
1693382823428860928,4,0.31451836074986694,0.12230658169108932
1693382823537415680,4,-0.9650014514331335,0.6375459727784494
1693382823645620736,4,-0.4305971439478755,-0.9938555226139607
1693382823754017280,4,-0.3106342262026589,-0.18505564499970206
1693382823870587904,4,0.3271657693059038,0.9631961009272376
1693382823978940160,4,0.8044970139137364,0.13253567531715338
1693382824087216640,4,-0.13170358029991802,-0.9401202119998309
1693382824203965184,4,0.6091705240156013,0.5681521020418758
1693382824312243200,4,-0.18753813817333986,0.5262105369377461
1693382824420841984,4,0.08900084609619063,-0.7067754650988345
1693382824529018624,4,0.32183722057996,-0.813005212193715
1693382824637273088,4,0.10122790012410099,0.14582655397498767
1693382824745692672,4,-0.3105651526611308,0.2607056658387803
1693382824853896192,4,0.8469228421034618,-0.5667357889572815
1693382824970773248,4,0.1235881221581856,0.617484277873543
1693382825079008768,6,-0.8034944434164224,0.66122836896287
1693382825187398400,6,0.7645737550514571,0.5329820095045359
1693382825303974912,6,0.6144649316147659,-0.3726106349899321
1693382825412313600,6,-0.32629501848706455,0.8476519845488932
1693382825520676608,6,-0.7596281282316069,0.6866156785494222
1693382825629043712,6,0.5544372240758992,-0.202659017719804
1693382825737352192,6,-0.7020959222227217,0.17522242361729679
1693382825853998080,6,0.5462897019198938,0.6995270775114186
1693382825962357248,6,-0.4561970885687876,0.7979878044212172
1693382826079023616,6,0.7092738453962519,0.6650599235180399
1693382826187341568,6,-0.6715090799567502,0.5046656910141509
1693382826295756288,6,-0.9980436413509648,0.3354326762587987
1693382826412476672,6,0.027797213707091428,0.20078488276411544
1693382826520788992,6,0.8146780414169099,-0.22142742480926292
1693382826629070848,6,0.9968869843356445,-0.7664321089728137
1693382826737426176,6,0.9593010956533843,-0.225625134946416
1693382826854133504,6,-0.595882653071631,-0.8375717897964263
1693382826962441984,6,-0.6133342114938238,0.2237797280377294
1693382827070837248,6,0.6471210862620556,0.6466495671041275
1693382827187639808,6,-0.9490293406260588,0.8906870345208411
1693382827295778048,6,-0.24961712169926797,-0.8880274949659763
1693382827404289024,6,0.29657039462398105,-0.8397911296332692
1693382827512464384,6,0.25972404489716405,-0.853674398990917
1693382827620833280,6,0.47546069802929125,-0.8913529298732148
1693382827729200896,6,-0.1844179067961229,-0.6456215849086868
1693382827845907200,6,0.25907447221588664,-0.6082009692215824
1693382827954161920,6,0.16492487414812596,-0.11337276336441615
1693382828070866432,6,-0.1777300741228809,-0.7127037636891131
1693382828179197952,6,0.45995276225151205,-0.5589784586801696
1693382828287528448,6,-0.44039955332694203,-0.9663641915363301
1693382828395827456,6,-0.009462409605837774,-0.11461011173075875
1693382828512505600,6,-0.4369980932662194,-0.6753754309090676
1693382828620825856,6,0.4286307386000592,-0.10194982759005566
1693382828729218816,6,-0.720538992792052,-0.19356154258599356
1693382828837528576,6,0.7260326059407904,0.3427868504826541
1693382828954119424,6,0.1926240196405813,-0.31089903385248063
1693382829062529280,6,0.11092897949616609,-0.8158609606942087
1693382829170898176,6,0.7448966874494269,0.44997633435412765
1693382829287691520,6,0.6520120572170518,0.8456578013967451
1693382829395859968,6,0.8461801118805274,0.9639649117137761
1693382829504239616,6,0.13084274082303504,0.8649703353911369
1693382829612536320,6,-0.8664117787910532,0.5554797539643328
1693382829729234944,6,-0.954529860656278,0.8731489557621097
1693382829837551104,6,0.34926483830118205,-0.4744018455273198
1693382829945962496,6,0.9405939459095676,-0.6031215011676188
1693382830054200576,6,-0.09226712238620083,-0.8216263065153109
1693382830170908416,6,-0.7346686578662212,0.8627732442945264
1693382830279163648,6,-0.2842421276134417,0.8612220908887458
1693382830387564800,6,-0.5947628565916254,0.8316387677343817
1693382830495889152,6,-0.1973754002345609,-0.06561442398003625
1693382830612554752,6,0.8543336105220143,-0.07148992999432413
1693382830720963072,6,-0.5901659153469581,0.9922217264639426
1693382830829267968,6,0.8152758354585299,0.3560653940090024
1693382830946029312,6,-0.8428108304302817,-0.6732343733241493
1693382831054171648,6,-0.24034090172320566,-0.5622578598508585
1693382831162752512,6,-0.15620088222663142,0.6503347383930447
1693382831279310592,6,0.9590884248857627,-0.36448812287515
1693382831387874048,6,-0.06454458094018589,0.09222557505124263
1693382831495858688,6,0.9528662166739288,-0.2480377834846943
1693382831604459776,6,-0.6192256030700547,-0.1050212968239781
1693382831720851712,6,0.7828010867219586,0.09037758852136357
1693382831829268736,6,-0.3858035018354853,0.1851100481925041
1693382831937592064,6,0.4519732886737262,-0.6626128425515001
1693382832054284288,6,0.1576130438301364,-0.9044287481777202
1693382832162798336,6,0.7282456516562184,-0.4119669868011979
1693382832279225600,6,-0.9139974866348719,0.6349226399439012
1693382832387662592,6,-0.13768051154327732,-0.4304787517349593
1693382832496002048,6,-0.8941997552438452,-0.09652271561488046
1693382832612596992,6,0.364097479732721,0.6640008405091677
1693382832721195776,6,-0.20328084423544968,0.06836363834563808
1693382832829396224,6,0.8553679010536259,0.8100855866552155
1693382832945989632,6,0.4818329183896901,-0.0006833871114797496
1693382833054267136,6,0.026781576429578458,0.8303410587705422
1693382833162624512,6,-0.8496428726015461,0.6679157191735048
1693382833270930176,6,0.27812492984933446,0.7563629670675891
1693382833379353856,6,0.7885324630235859,0.17798615301018939
1693382833495940864,6,0.6546455648897886,-0.7953240777810571
1693382833604408832,6,-0.6132292112544424,0.0388489802268972
1693382833712660224,6,0.9473567816595394,-0.656760758571032
1693382833829410304,6,0.09225014358963879,0.46909594282131484
1693382833937985792,6,-0.0173883023203234,0.46245705614655064
1693382834046065408,6,0.21298817452685537,-0.5322709715682499
1693382834154356480,6,-0.14795899589980355,0.6526674513761519
1693382834262712576,6,0.7494665059826391,0.07871979837163368
1693382834371008768,6,0.7532861249891736,0.6961521434083626
1693382834487798272,6,-0.6455667831970491,0.3630634843694427
1693382834596066816,6,-0.36311673509441067,-0.9416860887636056
1693382834704596992,6,-0.5421834204729594,0.5005424536711462
1693382834812663808,6,0.9195347687421063,-0.9541626350160528
1693382834929428480,6,0.5712153718295592,0.17722318387923175
1693382835037698816,6,0.43836585635915615,-0.14262160058645335
1693382835154435072,6,0.3614906210766049,0.9889353829472505
1693382835262708992,6,-0.09285255553839744,0.40022309215499363
1693382835371055104,6,-0.19468131868684257,0.8763887658188403
1693382835479763968,6,-0.5281001642299814,-0.18983062329475042
1693382835596013824,6,0.5597717286289581,-0.7069116553649151
1693382835704527616,6,0.5848080220142278,-0.269827384285092
1693382835821067520,6,-0.9954970720988985,0.08124129688187653
1693382835929523456,6,-0.8312949887080412,0.681361320181791
1693382836046106112,6,-0.639102053286013,0.25834985597884375
1693382836154470656,6,-0.3442187953906799,-0.6815657006771993
1693382836263142400,6,0.9843016027414315,0.35749424805418695
1693382836371100672,6,0.31911029467047003,-0.9703356954859708
1693382836487681024,6,-0.3298979619283302,0.9777467466485845
1693382836587804160,6,0.8741175249949233,0.3734949866668671
1693382836704408576,6,-0.19013062761080568,-0.6993189642952435
1693382836812831744,6,-0.8542756509358072,0.3026033754660218
1693382836929529088,6,0.8741342153283167,-0.8544934394702013
1693382837037728512,6,0.1412365308216823,-0.3452149097939279
1693382837154596864,6,-0.2041391138893882,-0.08654855556841179
1693382837262800640,6,0.1883423321677924,-0.9211303657661913
1693382837371244544,6,0.18126542172222582,0.5451417815962731
1693382837479643136,6,-0.46296503789396315,-0.14007784987334926
1693382837587814144,6,0.21792253169205233,-0.4223918202020329
1693382837696271616,6,0.09345222813006715,-0.9676674313383267
1693382837812933376,6,-0.6833260785509039,0.7843531209019721
1693382837921361920,6,-0.9244237266350916,-0.33823672237418445
1693382838029577216,6,-0.9321779317945245,0.2103330596058557
1693382838138031104,6,0.45927358016072306,0.3246271586680991
1693382838254625792,6,0.08456464757250037,0.9500186699507971
1693382838365126144,6,0.1964457737915375,0.3828128613646522
1693382838473306880,6,0.014722466007852653,-0.4162647776548467
1693382838590016000,6,-0.7400236532369664,0.7649823368429784
1693382838698340608,6,-0.3245580815354656,0.47084941878512443
1693382838806636288,6,0.024411269330097074,0.25903205671932183
1693382838914931968,6,0.29454150921127376,-0.4328681327882504
1693382839023365376,6,-0.09627268275520451,0.09138477604888218
1693382839131874304,6,-0.0842290973301234,0.6205187849875446
1693382839248284416,6,0.825837433871619,0.3905607261483799
1693382839356896768,6,-0.11718888444206566,-0.286124260371188
1693382839473368832,6,-0.641915407251106,0.7903921089167729
1693382839581725184,6,-0.19669333923490107,-0.21900763396022582
1693382839690112768,6,-0.6080225029696511,0.5382146086113091
1693382839806994688,6,0.31345346848310585,-0.9475642154529043
1693382839915104256,6,0.23116574364910147,-0.4501999112896877
1693382840023286784,6,0.5604958545862413,0.9270472767058642
1693382840131810560,6,-0.87303781927513,0.25563796853560494
1693382840248468736,6,0.9467147657484705,-0.010203486525536709
1693382840356771584,6,0.0643946154783841,-0.23105119851266176
1693382840465116416,6,-0.7001658401336706,0.24728249869633978
1693382840581638656,6,0.8306365525195682,0.011610992211491977
1693382840690081280,6,0.4370794869290482,-0.6921693557941169
1693382840798338048,6,0.6681761909944939,-0.3597674441916219
1693382840906806528,6,0.15360854858388873,-0.012185677972556652
1693382841023470848,6,0.4995289599624264,0.5810560232893474
1693382841132039424,6,0.06428133425494797,0.36312546617369
1693382841240288512,6,-0.9986907482356779,0.28709891715999203
1693382841348429824,6,0.3646774534165882,0.5848104691130165
1693382841456982016,6,-0.26263816577386834,0.3910032550890328
1693382841573346048,6,0.7660409216567539,0.32714022539133913
1693382841681861888,6,0.7355750405841657,0.5111342965732966
1693382841790132480,6,-0.21969113676340601,0.45537720053701336
1693382841906689280,6,-0.3362461375353871,-0.08672910080561813
1693382842015144704,6,-0.9233684088195244,0.3460224885467511
1693382842123388928,6,-0.6641606795847852,0.7995335093404365
1693382842231865088,6,-0.648185584271266,0.49294558678018263
1693382842348427776,6,0.7049631979246334,-0.4633551202534776
1693382842456798976,6,-0.6348879198099546,0.0471697508271538
1693382842565028096,6,-0.07862836728103595,-0.21186598843176307
1693382842673716736,6,-0.719291681751312,0.6529368432644989
1693382842790128640,6,0.22277483782416385,-0.6286222243562161
1693382842898769408,6,-0.5067504102893321,0.9032797088190601
1693382843006958848,6,0.3670511772141323,0.4787210460909186
1693382843115228160,6,0.6934862325974176,0.5790701864866219
1693382843223480064,6,0.660616738593174,-0.5556056966440064
1693382843340171520,6,0.8812104492570132,0.09236417651883788
1693382843448558080,6,0.8030357796515699,0.14518894157612783
1693382843556879360,6,-0.7937947759004524,-0.1901978825863968
1693382843665113856,6,-0.47854319096197284,0.36893851579024606
1693382843773497856,6,0.8319942553025583,-0.626796416445967
1693382843881897216,6,0.5229964157624234,0.44484168275268576
1693382843998485760,6,0.8643222225204532,-0.6442028445906365
1693382844106880000,6,0.8900487772129575,-0.2218469356346231
1693382844215256320,6,0.9372559871590684,-0.6562856226615399
1693382844331898368,6,0.8921294747162496,-0.556695746357228
1693382844440113408,6,0.38919535610482736,-0.31334990963725873
1693382844548549632,6,0.21587514552001008,0.37287495091634804
1693382844657063424,6,-0.7955585535831207,0.7209004013453315
1693382844773495808,6,0.8791588769030756,-0.7875787532339467
1693382844881875968,6,0.42123057531147157,-0.2615371440976231
1693382844990180864,6,-0.9486814595516273,0.2916416598801628
1693382845106981376,6,0.03786997888757804,0.9125179556947809
1693382845215317248,6,0.8991541542131043,0.11736980563962973
1693382845323394304,6,-0.9687351791577958,-0.3591171688439265
1693382845440183808,6,-0.024463239714455076,0.36020613144792235
1693382845548774144,6,0.649723980750248,-0.5515865831434381
1693382845656852224,6,-0.6116809203234415,0.25625550185412593
1693382845765336576,6,-0.7600444424487642,0.3508534266630876
1693382845881923328,6,0.024620396261342936,0.1539291601554995
1693382845990273536,6,0.8526372437536287,-0.7736062122303189
1693382846098593536,6,-0.03756531180439837,-0.03150182716824279
1693382846206918656,6,-0.9062203288205295,0.043085185185440134
1693382846315258624,6,0.40937223037503845,0.16395391875532273
1693382846431909888,6,-0.46173243532402086,-0.9246189134417451
1693382846540214016,6,0.6771256381902646,-0.5796282679657527
1693382846656944384,6,-0.3848390417068117,-0.34950802782699486
1693382846765854464,6,-0.09264653760906127,-0.34646433848739666
1693382846873580288,6,-0.34446771141443877,-0.7855555531889817
1693382846990198528,6,0.45786494275196876,-0.2677797582838011
1693382847098603264,6,0.7721977712879715,0.6350776317638711
1693382847207044864,6,-0.04828873682258039,0.6917508237156678
1693382847315266304,6,0.049049557706384084,-0.5237023264347951
1693382847431868928,6,-0.14749983776618758,0.7031186568337713
1693382847540350976,6,-0.9084156600228437,0.9196004214997708
1693382847648558336,6,-0.4684911526332707,0.6932101570023073
1693382847756960512,6,0.39425183630375304,0.28662408593867017
1693382847873536000,6,-0.7817906099039496,0.9007735814118292
1693382847982082304,6,0.5849085314145241,-0.9296156201312884
1693382848090309888,6,-0.2922809842627534,-0.0867340507666412
1693382848202368256,6,0.23143752707857046,0.8959503024457915
1693382848311002880,6,-0.7559725985515287,0.18346960132898382
1693382848419732736,6,-0.054224572159564666,-0.8797153442342318
1693382848527735808,6,0.46500356249380337,-0.7367312050198793
1693382848644205568,6,-0.0439723580073339,-0.45663594661673024
1693382848752576000,6,-0.7404482180623722,0.6894043760635817
1693382848861068288,6,0.05356618103094113,0.712906789287715
1693382848977646080,6,-0.30336748954365245,-0.6744209544333033
1693382849086080256,6,-0.7263004640463893,-0.33821355465938785
1693382849194341888,6,0.6181957708730228,0.6187834855297076
1693382849302776576,6,-0.14369646584863816,-0.8832616812654428
1693382849411026176,6,-0.35108965837904194,0.5458511052067148
1693382849527761152,6,0.012878871195207031,0.5845911913259325
1693382849636110336,6,-0.10044065804906355,-0.11559702039453268
1693382849744393216,6,-0.40269965138148245,-0.6648202815917275
1693382849861038080,6,-0.014576275555765017,-0.3242189510135598
1693382849969507328,6,-0.32542933548757547,0.48160375495509733
1693382850077843200,6,0.33862951814552766,0.08269892084855424
1693382850194388224,6,-0.32092759411204175,0.1766424390966388
1693382850302949888,6,0.929070805962529,0.593204898637439
1693382850411156992,6,-0.36534543651926854,0.4253523028131774
1693382850527756800,6,0.22729564142275782,-0.644449777870906
1693382850636070144,6,-0.7422063156285628,0.9160102399346608
1693382850752805888,6,0.8209735023775364,0.9352687907662669
1693382850861284352,6,0.6248357697305118,-0.14378544710001218
1693382850972006144,6,-0.33541044555014765,-0.727749452999614
1693382851080364800,6,0.7020262778737776,0.7649799889237014
1693382851188749824,6,-0.9142501330980193,0.6032429830259274
1693382851297361408,6,-0.25499280334763186,-0.5408532234082919
1693382851405617152,6,0.2946801018477636,-0.535820870507536
1693382851522040576,6,0.9169226473036594,-0.7377442025743353
1693382851630435840,6,0.7547434691461539,0.7661681322932261
1693382851738772480,6,0.6541524397691121,0.5986242044862908
1693382851847119872,6,0.736970190962805,-0.8615148483463537
1693382851955502080,6,-0.9888605874184282,-0.3201404589335741
1693382852072079360,6,-0.9324213933678434,-0.5918174589661085
1693382852180568576,6,0.26601027586583537,0.11109210160605776
1693382852297166592,6,-0.635701929301099,-0.7992612379206796
1693382852405537024,6,-0.393475140864209,0.7022442448110731
1693382852513812224,6,0.04958378697795518,-0.23386488279960105
1693382852622095360,6,0.1728670093411544,0.9902008431663736
1693382852738816256,6,-0.018741188286656607,-0.0008310681120267116
1693382852847261696,6,0.7006840808743335,0.9809260954954195
1693382852955625472,6,-0.5558289673466634,-0.10199128242032596
1693382853063726336,6,0.27464365644496147,-0.11787234664915847
1693382853172200704,6,0.8989150120715526,0.2862911881995118
1693382853288752896,6,-0.7005906291767938,-0.9872692357042945
1693382853397191680,6,-0.2674117856329197,0.030628040206282847
1693382853505455872,6,0.4774969176006958,-0.6645821046942308
1693382853622073088,6,-0.26233131754527594,-0.5816983737095722
1693382853730503680,6,0.917383180105585,0.05165532556829788
1693382853838770944,6,0.6107695223922616,-0.6542521758740278
1693382853955432704,6,0.08672943424774915,0.6327120528498469
1693382854063992576,6,0.47409235140272643,-0.6191525632688604
1693382854172046592,6,-0.87416882624782,-0.5996378122779842
1693382854288810496,6,-0.7135747838219402,0.6823340899519308
1693382854397561600,6,-0.9858314301533706,-0.3902611043443105
1693382854505510144,6,-0.8147918275149988,-0.2456873396292858
1693382854622190848,6,-0.9837702976840417,-0.8202980381311389
1693382854730488064,6,-0.5105030325745346,-0.4752192573318206
1693382854838887936,6,-0.6796984046107974,0.4350891642681656
1693382854947207424,6,-0.07362782441069049,-0.9515492240710093
1693382855055429120,6,-0.6698817198435216,-0.05667851263246915
1693382855163982848,6,0.03736260095487065,-0.8258162190741702
1693382855272158720,6,-0.08794505630521243,0.5738458958367287
1693382855388809216,6,0.799703275413628,-0.03984084033576507
1693382855497420800,6,-0.35830227642743795,0.4936531927182677
1693382855605768192,6,-0.2736252015524909,0.25546905794188834
1693382855713859584,6,-0.03233329749604108,-0.24218079217143473
1693382855830547456,6,0.7254754688027323,0.8842754517897036
1693382855938889984,6,-0.3491315224402285,0.23722303048124993
1693382856047598848,6,0.021856335053860976,0.5510360725951069
1693382856155689472,6,0.3395684621021351,-0.09285343613605535
1693382856272307200,6,0.7993029155981222,0.10759953023625823
1693382856380770304,6,0.45911251160874866,-0.21500886897599014
1693382856489086208,6,0.0987481604372018,-0.6366949868457157
1693382856605781504,6,-0.12092696189357977,-0.7581404649403647
1693382856714013440,6,-0.06245504058079443,-0.873356126887102
1693382856822398208,6,0.37496568583054124,-0.6033576213881626
1693382856939020032,6,0.5744233089267365,0.4566069128702568
1693382857047400704,6,0.8515899563503986,0.31079217169514917
1693382857164069888,6,0.9332404462419217,0.9133820062557012
1693382857272593664,6,0.852174267608919,-0.3483547839255743
1693382857380934400,6,-0.654912275743609,0.1532961421488641
1693382857497555456,6,0.13374923034968256,0.2296184035256279
1693382857605888768,6,0.4819891514173189,0.7631174202441062
1693382857714172672,6,0.9106839463235443,0.465610257194937
1693382857822412288,6,0.5988059241615935,0.31449420532386685
1693382857939020288,6,0.17035347335581275,0.2807150230288289
1693382858047471616,6,-0.5274558729956091,0.10131785487939338
1693382858155770880,6,-0.5270905510081865,-0.6668723475172742
1693382858272428288,6,0.3066393340184135,0.4049405003212616
1693382858380803328,6,-0.5109576465286063,0.15521031403093
1693382858489092352,6,0.7890433004522852,-0.593626986142938
1693382858606000384,6,0.11188827365184006,-0.38387716909083336
1693382858714061312,6,-0.16424920972948454,-0.021793548393457263
1693382858822418176,6,0.2892129788253819,0.47422986840695147
1693382858931273728,6,0.7650126888320115,-0.5622679567104327
1693382859039112704,6,0.616483664409545,-0.42031441260672664
1693382859147570944,6,0.8837966921860025,0.14208743471837293
1693382859264193792,6,-0.4779241403127734,-0.4922075036524398
1693382859372429824,6,0.621526926056704,0.5498619153815116
1693382859480730368,6,0.2224256800933313,0.4500595497560338
1693382859597524224,6,-0.6390790657211558,-0.10634655351031697
1693382859705763328,6,0.6497380859843471,0.7212284741143253
1693382859814345984,6,-0.12240800257491946,-0.6264105503105639
1693382859922441216,6,-0.6513388687351094,-0.8602350479053025
1693382860030957056,6,-0.8891249547733409,-0.5070212980103417
1693382860147641600,6,0.8021451919659344,-0.06297797322652299
1693382860255863552,6,0.05400013790523217,-0.004598174709608882
1693382860372662016,6,-0.7749738214278641,-0.019345004738589466
1693382860480842752,6,0.790765446685258,-0.3462464639801479
1693382860589203712,6,0.15915711151415057,0.11662450352019493
1693382860705871104,6,0.8299615311465398,-0.5139456073840212
1693382860814739968,6,-0.7015208448755985,0.624641532826731
1693382860922522880,6,0.5054979618204418,-0.8028871844006138
1693382861030998784,6,0.5864672566102038,-0.20573662624950595
1693382861147606016,6,0.5811714936213093,0.7259563215716274
1693382861255807488,6,0.0959589509433576,-0.6534673416963652
1693382861364361984,6,0.7667429602811575,-0.4693768656105286
1693382861472700416,6,0.10842003656842447,0.2131599308674459
1693382861581101312,6,0.8794537735881587,0.7696508387565912
1693382861697492992,6,0.037247993103574295,0.011830789798841224
1693382861806301440,6,0.1378426170106224,-0.3013741570175097
1693382861914253056,6,-0.5788285330933391,0.47996224048799974
1693382862022562560,6,0.40990578947239054,-0.2556142260529415
1693382862131033600,6,0.02866910930520694,-0.6306875908852243
1693382862247736064,5,0.2748542656747932,-0.21130846553590032
1693382862355788288,5,-0.8782379806236618,0.6757089037082704
1693382862464305152,5,0.5012136815538413,0.9950913610102323
1693382862580981504,5,0.5371373748844532,-0.5960096118250935
1693382862689261824,5,-0.4437396231593216,-0.39579294269848875
1693382862797618688,5,0.8450893221475348,0.2908136856855432
1693382862905918976,5,0.6293454553584144,0.7103712528087001
1693382863014321920,5,0.14770463586947513,-0.781038322147507
1693382863130969600,5,-0.8671831287907443,0.6703681628678027
1693382863239451392,5,-0.6739905036375793,-0.579897167205712
1693382863355959808,5,0.45591556385928556,0.7970794726690253
1693382863464431872,5,0.735184968912143,-0.9543188396253464
1693382863572542976,5,-0.7015692495865873,0.15437688183009723
1693382863681186048,5,0.55844102690908,0.45953369053941273
1693382863797201408,5,0.17375902457949932,-0.3035049041508382
1693382863905625088,5,-0.9519401029873631,-0.39441868366540245
1693382864013721856,5,-0.044062520903584756,0.307509405432
1693382864122163200,5,0.4698442445901181,-0.6142974487440491
1693382864230582016,5,0.22416035567595305,-0.6073347641281122
1693382864339041280,5,-0.9901750448860351,-0.16883118462296687
1693382864455905280,5,-0.05980677779543675,-0.5791657911721837
1693382864563824384,5,0.18696992844142368,-0.8141415475503029
1693382864672779520,5,0.9348292069907507,-0.7096318990317061
1693382864788751872,5,-0.9031670744226772,-0.6981365571654525
1693382864897112576,5,-0.6964252275890173,-0.5855087614446202
1693382865013827584,5,-0.7638415714095401,0.37357190138082963
1693382865122097920,5,0.4008039975183306,-0.07931048556996134
1693382865230447360,5,-0.06689437102288243,0.3203656247203803
1693382865338969600,5,-0.8929930759196594,0.21167462723518748
1693382865455478016,5,0.49204214920755773,-0.8215268237004594
1693382865563691264,5,-0.7745808305951647,-0.19460742019853705
1693382865680456960,5,-0.7409950358676125,-0.6385860436878932
1693382865789005312,5,-0.758086418844641,0.4433413748728834
1693382865899019264,5,-0.10701799190064132,0.44599871848432615
1693382866007244032,5,0.3234353474166938,0.851061307328272
1693382866116060672,5,0.5199039792662405,0.864804822931794
1693382866224320512,5,-0.6040973376410756,0.2459480277713102
1693382866332772096,5,0.45936186930670164,-0.9259539500830738
1693382866449066496,5,0.1437676875657523,-0.13710289626891026
1693382866557351680,5,-0.3253736315905764,0.07229691763831769
1693382866665639680,5,0.32067443696912656,-0.08931349738498762
1693382866782302720,5,0.7537450293472974,0.6225184396127634
1693382866890614016,5,0.5532975125460731,-0.7927408643121754
1693382866999074304,5,0.5287201521545799,-0.435910028574807
1693382867107336448,5,-0.7990826503917507,-0.4310991313649799
1693382867223974400,5,0.5796739989278703,0.36608343414639966
1693382867332577024,5,0.2506967861177978,-0.7187775683115574
1693382867449125376,5,-0.3256887516402627,-0.9825156841214069
1693382867557257472,5,0.3298469681537042,0.9639676829372978
1693382867665674496,5,-0.6997438431334011,-0.4265740755859475
1693382867774426624,5,-0.7423851785493658,0.6799827638750997
1693382867890765824,5,0.18280242672046843,0.40125138829459384
1693382867999062272,5,-0.2665456087206739,0.9353526733811992
1693382868107369728,5,0.4431484100296439,0.6792921243753374
1693382868224037376,5,-0.8679648517002969,0.48422410690759476
1693382868332331008,5,0.3103127777760635,0.6107243140146248
1693382868440679424,5,-0.5707636666942637,0.3339011157880736
1693382868549096192,5,0.19240549721179567,-0.7435933384415674
1693382868665823232,5,0.3891211686053704,-0.0068838771657102615
1693382868774088192,5,-0.9658229235356601,-0.8056638802757379
1693382868882412800,5,0.9377710141798008,-0.7626993336993604
1693382868990754048,5,-0.44907612814372144,-0.15227575696753193
1693382869099147520,5,-0.28196785524942025,-0.3467221179658275
1693382869207415296,5,-0.26661878247009607,-0.3861096834753137
1693382869324004096,5,0.8480400909533143,-0.5759747796305701
1693382869432784384,5,-0.9459156951404026,0.8830253195009976
1693382869540667904,5,0.7762045970953315,0.5570421242143297
1693382869649190400,5,-0.9487089046709862,0.9801999998368687
1693382869765716480,5,0.8603704579743057,-0.15508042092453178
1693382869874212096,5,-0.27635484018547607,-0.6760922747953162
1693382869982425856,5,-0.5383864111076535,-0.010285820395786072
1693382870099028992,5,-0.8793820714004066,0.19813361196852886
1693382870207407104,5,-0.8769628786576604,0.43768196883123345
1693382870315778816,5,0.9279880387391684,-0.13755621871055856
1693382870432449536,5,0.7239285795511703,-0.955239215309305
1693382870540631808,5,-0.5435975025596083,-0.7470344474910067
1693382870649258752,5,-0.4372024307989002,0.30018854059506106
