rover_timestamp,sat_timestamp,x_offset_ratio,y_offset_ratio
1693278795693436416,6,-0.2216867852652824,0.7930515340054396
1693278795801790720,6,-0.3365403207563429,0.5112185290417846
1693278795918430208,6,-0.7200988115296054,0.9769559158282062
1693278796026784000,6,0.44832714018862974,0.0015857032754502676
1693278796135116800,6,0.9486466548719927,-0.8926071361052128
1693278796243476480,6,-0.12582349431300166,0.6773493152263499
1693278796351796736,6,-0.3188145070497881,0.5380113067308847
1693278796460197632,6,0.9097167938293316,-0.206593901382081
1693278796568546304,6,0.5471098322626449,-0.9407486821096698
1693278796676888576,6,-0.45334594274240536,0.9851717569015948
1693278796793546496,6,-0.018793087778413486,-0.2883776045883042
1693278796901866496,6,0.8822856899414508,-0.1363041075209106
1693278797010262528,6,0.35938971617631776,0.32134381502975096
1693278797118547968,6,-0.8286117647265285,0.23723178051977567
1693278797226918144,6,0.5961103476054932,0.4262170653567714
1693278797335216896,6,-0.8359239806537029,-0.6915580722689632
1693278797443613696,6,0.4233543095572334,0.2678017639261019
1693278797551888128,6,0.4793105779531892,-0.36664354263692767
1693278797668559104,6,-0.7868981645774777,-0.9896095552599398
1693278797776911104,6,-0.3834650897274039,-0.2801650053062068
1693278797885224192,6,-0.46046711352122704,-0.7349859910116012
1693278797993580288,6,-0.6252164329442456,-0.1023126459570971
1693278798110271744,6,0.10948000121773549,-0.183911649833725
1693278798210275072,6,-0.9474761919734056,-0.29217142530948226
1693278798318580480,6,-0.8138714790802517,0.19608759558854572
1693278798435325440,6,-0.3511393388551747,-0.22952416520803265
1693278798543600896,6,-0.416305297407358,-0.22440088124321256
1693278798651976960,6,-0.830600966142955,0.8022720897128661
1693278798760288512,6,0.8104151486267177,0.9563461280277745
1693278798860420608,6,0.143920861499079,-0.660834153215349
1693278798976971520,6,-0.23853595302251374,-0.7223198820811665
1693278799085280000,6,-0.39773746924986253,-0.01375211557843059
1693278799193690112,6,-0.8734656994460912,-0.13064746147451012
1693278799301974528,6,-0.15779532045495137,-0.03153737213214303
1693278799410301440,6,-0.8461572772096857,-0.49660052442219427
1693278799526972160,6,-0.5068198633059942,0.25006737553778935
1693278799635305728,6,0.18761279607815728,-0.6089035502394791
1693278799743647744,6,-0.786055264838196,-0.3906840084974861
1693278799852194560,6,0.8976469247891303,-0.3355655693767461
1693278799960329984,6,0.24038437574937865,0.6081529239147649
1693278800076985856,6,-0.3409165674414796,-0.330527552506086
1693278800185310464,6,0.6309509400060063,0.7190169342016703
1693278800293691648,6,0.9484507530092137,-0.7277510568434704
1693278800401980672,6,-0.3586696892498247,0.8945578440322324
1693278800510351360,6,-0.5982970225958566,-0.37163343760911727
1693278800626977536,6,0.9291492461895878,0.937450443493391
1693278800735361280,6,-0.41710369683989357,0.3899155353442201
1693278800843699712,6,-0.01798537421579538,0.1517585632499212
1693278800960361216,6,-0.5151514064388538,-0.24788939535170584
1693278801068907776,6,0.6329890308658261,-0.21412974052108025
1693278801177043200,6,-0.7722243527760038,0.12770101725757188
1693278801277044224,6,0.18445406850077095,0.09125817090164423
1693278801385353984,6,0.36342526626017535,0.10019831399494561
1693278801493889792,6,0.906009222972592,-0.07675555433370307
1693278801602030592,6,0.41673410251212695,-0.12309009138218285
1693278801710363648,6,-0.41733758402940935,0.3856705586486855
1693278801818729728,6,0.637931136008917,0.5913136719919088
1693278801927032320,6,-0.18171681951019703,-0.0013935694220794659
1693278802035393792,6,0.26667207930732717,-0.5159576646584023
1693278802143747072,6,0.3173259370646362,0.43047278259885235
1693278802252064256,6,0.5781535264401259,-0.8520697288354231
1693278802360395776,6,0.981401228873936,-0.041530600454747546
1693278802468733696,6,-0.19838980534125272,0.013225286059018071
1693278802577265920,6,0.8407843689565915,0.3834177317962153
1693278802693760512,6,0.08729040677495536,0.5814418340985184
1693278802802075392,6,-0.28094101396748017,0.7910030307217981
1693278802910422016,6,0.07381197204917567,0.27636073402168226
1693278803018746880,6,-0.8300361318980245,0.537908095840081
1693278803127096320,6,0.3152032891615313,-0.2899823611030208
1693278803235551744,6,0.2939996959668085,-0.9114066129443008
1693278803343771904,6,0.9672164119039655,0.3549437917283713
1693278803452140032,6,-0.20076450754983544,0.5053655554592116
1693278803568776448,6,0.9314335554276565,-0.13908891221963549
1693278803668803584,6,-0.9789044544308401,-0.4825232591926891
1693278803785466112,6,0.021352481050089356,0.03759553369869906
1693278803893793792,6,0.16103659104800827,0.15047079654085227
1693278804002183936,6,-0.1084428969901865,-0.21773166264499433
1693278804110477312,6,0.5446844649248641,0.17717991308029446
1693278804218786560,6,0.0009315632394690798,-0.31006522480096343
1693278804335472128,6,-0.9508746939484614,-0.7909012839878766
1693278804443833344,6,-0.16804914294857487,0.9234557313599407
1693278804552135680,6,-0.7678613240820507,0.881352316292386
1693278804660696576,6,-0.7166496463369034,-0.3762193122049171
1693278804768824320,6,-0.08933472954824584,-0.586265347583371
1693278804877149696,6,-0.03414800244122307,-0.04767493758167296
1693278804993830400,6,-0.12366812345394584,0.39352653104733215
1693278805102181120,6,-0.3621810515645991,-0.3994718336361194
1693278805210539008,6,0.6203718738373962,-0.7698294666024281
1693278805318850304,6,0.6983600160938195,0.2959398345554274
1693278805427182848,6,0.35427866578176803,-0.6712918142985935
1693278805535553280,6,0.9678009411765558,-0.5121741068960146
1693278805643950080,6,-0.6510935343517321,-0.6797285775692814
1693278805760530432,6,0.11969790497972621,0.9169252434678994
1693278805868856832,6,-0.5362889051771793,-0.18990512743949428
1693278805977239552,6,-0.6310964496972127,0.28095775332015616
1693278806085530368,6,-0.135731095141435,-0.9416154513152188
1693278806193893888,6,0.22821387474383958,-0.6053511284355073
1693278806302262016,6,0.1844063167207366,-0.2223284392885858
1693278806410563840,6,0.4094712319194689,-0.5884310412653562
1693278806518912768,6,0.5046509907209833,0.6174595772625215
1693278806627414528,6,-0.8748724970616713,-0.7964959025457152
1693278806735612672,6,0.7439586600197703,-0.6260803287358132
1693278806852488704,6,-0.34803017680236303,-0.08489915558762906
1693278806960680704,6,-0.47529320909527817,0.7252730949146147
1693278807068964352,6,0.05543003925556533,0.27821717133230117
1693278807177291264,6,0.193941658565987,0.2226168422780037
1693278807285686784,6,0.17400942913043593,-0.3041507251264912
1693278807402293504,6,0.6910356053391185,0.23472535867284994
1693278807510676992,6,0.6274765085218676,0.4119767218919601
1693278807619092480,6,-0.4051103306012962,0.22896903142583902
1693278807727326976,6,-0.8304960627539444,-0.7321044606985787
1693278807835642368,6,-0.7642766946766866,-0.3892399949290022
1693278807952423680,6,-0.633910963337033,0.38687308343289106
1693278808060654080,6,0.021649738974321764,-0.1635217875774828
1693278808169031168,6,-0.724265402930885,-0.23258007432462602
1693278808277381376,6,-0.6284926014144687,0.2710032841172705
1693278808385673984,6,0.3868658530587106,0.2905201901599008
1693278808494008320,6,0.9997991051261841,0.10982515166499485
1693278808602403584,6,-0.020715947615582264,-0.7194069298044059
1693278808710710272,6,-0.3708399706783114,-0.09799805850669774
1693278808819197184,6,-0.8927774747383264,-0.28192165565726235
1693278808927407104,6,-0.9808331208734375,-0.7269305706750082
1693278809035688192,6,0.6304318813077237,0.9276581788298797
1693278809152480512,6,0.010876039461340747,-0.010060304267192732
1693278809252415488,6,0.369393341119973,-0.16873912945177616
1693278809360744448,6,0.6797836042024454,-0.022600976120628724
1693278809469123072,6,-0.8346587484270662,-0.9382785887139904
1693278809577416192,6,0.5221132370908483,-0.41582018088258677
1693278809685773312,6,-0.45029416345293205,0.07521723640963884
1693278809794135552,6,-0.6635820451268526,-0.08535722545310187
1693278809902448640,6,0.4850365038595741,0.5318391098873814
1693278810019104000,6,0.09945236907610266,-0.7735780094159537
1693278810127414016,6,-0.7715866972820624,0.550226055727991
1693278810235745280,6,0.6465656159951332,-0.26627645578915815
1693278810344113664,6,0.6452218555925227,-0.9167789554595334
1693278810452749568,6,0.43796048226008666,0.0927065494439292
1693278810560777472,6,0.9795514557533664,-0.7951671222450034
1693278810669308416,6,0.6601414330850794,0.5026909894873444
1693278810785800192,6,-0.4045821297942127,0.9986253385578154
1693278810885908992,6,-0.10053531433917251,-0.3028460463553724
1693278811002454784,6,0.6334571702328771,-0.12186019323333408
1693278811110867712,6,0.9879153686372342,0.5512632997615472
1693278811219143168,6,-0.5261078892666375,0.6214054336788204
1693278811327513600,6,0.17584779395362116,-0.29873831777202065
1693278811435851776,6,0.421507918987599,0.26554126185427696
1693278811544203776,6,-0.6680367646194816,-0.7215300681464478
1693278811652527360,6,-0.5867606876264533,-0.586114558496468
1693278811760876800,6,-0.8812843327213178,-0.2983690420943381
1693278811869182976,6,-0.43782996241960404,0.07753709209527604
1693278811977559296,6,-0.35269276829063667,0.40810752351037705
1693278812085835008,6,-0.4213335130701128,-0.46531386744383973
1693278812194215680,6,0.7160336898925153,0.9709766045235884
1693278812310994688,6,0.3585986318466201,-0.8095496723713145
1693278812419220480,6,0.9255439899875839,0.5713820965825946
1693278812527544064,6,0.8375374236596507,0.9849724512893487
1693278812635900928,6,0.7340951808675569,-0.7462236627723795
1693278812744218624,6,0.7321575899823136,-0.5006455161237204
1693278812852582912,6,0.4227896976783381,0.6569636053972652
1693278812960969728,6,0.5229471749597139,0.352469107399892
1693278813069238272,6,-0.021082548168724458,0.15485105860832293
1693278813177645568,6,-0.46256569582502816,-0.17154982126992468
1693278813285903872,6,-0.0960165548992713,0.2672555267005954
1693278813402613504,6,0.760250162614647,-0.8138104319147652
1693278813510937344,6,0.031226944175398064,-0.4435486242964326
1693278813619251200,6,0.8726722281771504,-0.261857651849156
1693278813727672320,6,0.9005081577307652,-0.34542143967813943
1693278813844334336,6,-0.9950538297160305,0.5482705808753865
1693278813952646144,6,0.46544805307897397,0.46186387497410597
1693278814060942592,6,-0.0831014866405646,0.32828764166368507
1693278814169290496,6,-0.2835545413180256,-0.8733386278796507
1693278814269324544,6,0.06884892877512971,-0.5643401299695883
1693278814377645056,6,-0.1407137986295277,-0.5762970671845236
1693278814486009088,6,-0.4629263233711549,0.656687234097616
1693278814602611968,6,-0.3244896896584253,0.15586728052190302
1693278814710976256,6,0.13228422183428057,-0.029324191982989856
1693278814819320576,6,-0.3125207588947616,0.36510385218641184
1693278814927652608,6,-0.9031814776965541,-0.8008505161675883
1693278815036210432,6,0.5677795236811365,-0.08083647465286625
1693278815144357120,6,-0.7515256415392031,0.7153031998572277
1693278815252801024,6,-0.11742810224714684,-0.9986481369757916
1693278815361081088,6,0.9160635386079445,-0.5953635872052006
1693278815469348096,6,0.37718376382302066,-0.736173825231973
1693278815577780224,6,0.2999943986813054,-0.6820450741883612
1693278815686031616,6,0.8654511254518484,-0.45196108380943567
1693278815802850304,6,0.30917592883758815,-0.4992214429017823
1693278815911077888,6,-0.2563124647064685,0.8076005376713158
1693278816019427072,6,-0.6689498416813124,-0.20731686613553357
1693278816127948032,6,-0.3889815103115386,0.39888274304914706
1693278816236060928,6,-0.5317123170311611,0.3109704567670699
1693278816344449536,6,0.40739607952808843,-0.9978273926165526
1693278816461083904,6,-0.04638658347817182,-0.7346004159200268
1693278816569636608,6,-0.5476182770811879,0.3599654502431582
1693278816677776128,6,-0.9814261047830797,0.3911942145760974
1693278816786071552,6,0.6342180538265969,0.976309818928544
1693278816894724096,6,-0.15537213244988024,-0.7356496978148783
1693278817002772224,6,-0.8583433891989758,-0.2338601486484546
1693278817111216640,6,0.4615267635279421,-0.7951456591009867
1693278817219453696,6,-0.3732970451181876,0.7619779899605412
1693278817327837440,6,-0.7257414105129087,0.5469209673012483
1693278817444494080,6,0.506315601982136,-0.7337075376275757
1693278817552803840,6,0.98588031049277,-0.7142938663302123
1693278817661145600,6,0.06101655309336196,-0.9830505160939809
1693278817769461504,6,0.3000404263156138,-0.11980115844029626
1693278817878062080,6,0.4448640527286447,0.25616007668180507
1693278817986206720,6,-0.697251738311438,-0.17658021128064383
1693278818094618112,6,0.37313233975147986,0.7199250492042999
1693278818202889472,6,-0.826623933068023,-0.7990697750447224
1693278818311190784,6,0.5048912930959049,0.17914783552302627
1693278818419501312,6,-0.2319361813137586,0.9264974211065282
1693278818527886336,6,-0.3709926636356613,-0.7203396223815326
1693278818644540928,6,-0.44606468611030925,-0.8315025680040267
1693278818752841984,6,0.10679326356946017,0.20001573445170573
1693278818861226496,6,0.21518619783104653,0.5579393050265198
1693278818969609984,6,0.3809521500293076,0.695784208879918
1693278819077950464,6,0.31681074017028776,-0.3967013328456028
1693278819186205952,6,0.03549825559447495,0.019045132229425166
1693278819294584576,6,0.4956872819624991,-0.40891589751586666
1693278819403155200,6,-0.8908617379694941,0.7958251207139793
1693278819511251200,6,0.9093430226943056,-0.010224560113466286
1693278819619566336,6,-0.774512674792383,-0.0008349174546848914
1693278819727937280,6,0.18785953627544627,0.05657300187236847
1693278819844585984,6,0.9553938956866712,0.9737650656863779
1693278819952944128,6,0.8678488033484317,-0.7360342385345959
1693278820061256960,6,0.7216280078734949,0.13676077754592186
1693278820169567488,6,-0.2691750743038026,0.36588409800485233
1693278820277921280,6,0.5254518757911715,0.9089059678817728
1693278820386265600,6,0.5407340984492277,-0.9666211964582876
1693278820494586880,6,-0.8649348614544656,-0.47562944567586585
1693278820602908416,6,-0.9203462761256205,-0.8790622808235886
1693278820711312128,6,0.5785799979861828,0.01322120854985398
1693278820819601664,6,0.25714139212115206,0.002097931014150234
1693278820927966464,6,-0.1691360112491962,0.4036212772470327
1693278821036255232,6,-0.8351443761507082,0.07312963214003076
1693278821144686592,6,0.232094111333496,-0.44506452853087985
1693278821252949760,6,-0.38018622876671615,0.022609396590662856
1693278821361305600,6,-0.5936050120843444,0.6161201619413066
1693278821469790464,6,0.07278034577891668,-0.21853699406330063
1693278821586282752,6,0.26858849470651336,0.6690529383695054
1693278821694704896,6,0.3621113694184208,-0.86776983275757
1693278821802983680,6,0.39735176321098264,0.4599167548630829
1693278821911558400,6,0.6929362302815525,-0.8841881119537391
1693278822019649536,6,-0.8275744032170214,-0.1310328227879618
1693278822128109568,6,-0.09325631540571466,0.21766480885488715
1693278822236325376,6,-0.3814198722529476,0.48338701811510854
1693278822344830208,6,0.48131636046835635,-0.7611139861842251
1693278822453015808,6,0.41580121423619665,0.4029992224477321
1693278822561574400,6,-0.6723347381291849,0.9060324035093952
1693278822669664512,6,0.046010725456816504,0.5659742030874917
1693278822778063616,6,0.441531036186918,-0.6660740916152383
1693278822886351616,6,-0.7461387850377503,0.5622479598739751
1693278822994714624,6,-0.4624710271815087,0.772829519481312
1693278823103074816,6,0.5428605809792493,-0.941287497654393
1693278823211377920,6,0.6142156933147396,-0.4560388099572925
1693278823328067584,6,-0.8722560217537039,0.42464649640099084
1693278823436358912,6,0.15330334942836799,-0.8458599374272293
1693278823544696832,6,-0.08960444464114503,-0.27975220895649344
1693278823653055232,6,-0.0007799884772334842,0.13377225647689972
1693278823761494016,6,-0.26462444428637655,-0.48976783792184375
1693278823869711872,6,-0.7941901699562608,0.147824610384113
1693278823978212096,6,0.44555674665173295,-0.5431911536934979
1693278824086413312,6,0.017649769821293626,-0.9119241854743809
1693278824203053824,6,0.7258569898052225,-0.5108970992865931
1693278824303109376,6,-0.056470820844523706,-0.2340410512652018
1693278824419752704,6,-0.6998306635176998,0.862320154314371
1693278824528120576,6,0.7149703954959448,0.10572957699172902
1693278824636401152,6,0.8278953390422581,0.48133165621315377
1693278824744921600,6,-0.16126139127440298,-0.3563959710558775
1693278824853135616,6,-0.1674868029973693,0.4405758428563942
1693278824961769984,6,-0.45748408398036666,-0.8442258600661761
1693278825069779968,6,-0.25438366652427735,0.004081885119165518
1693278825186403328,6,0.8038820185165427,-0.6413112994553887
1693278825294945536,6,0.6086760389175134,0.96282772788299
1693278825403139072,6,0.9081588149208553,-0.8621471244545098
1693278825511507712,6,-0.06981164416622776,-0.43538625875819514
1693278825619882496,6,0.689693008522656,-0.3453981565477622
1693278825728179712,6,0.10618279064813518,-0.984061652885089
1693278825836555264,6,-0.5986576930940883,0.12761348164837383
1693278825944914688,6,-0.3921813854638341,0.2454350477842091
1693278826061518336,6,-0.07214661883900142,0.18338186996963235
1693278826169866240,6,-0.013278648290230288,0.5452265259010487
1693278826278226688,6,-0.609155152254353,0.8008865944528465
1693278826386488064,6,0.5209644406433931,-0.5097462512468343
1693278826495029248,6,-0.9872442344963919,-0.17992778086796024
1693278826603187200,6,-0.534004516280514,-0.30715260452118764
1693278826711566592,6,0.6791480137923478,0.7543972285031499
1693278826819864832,6,0.9019805242868866,-0.9970759189288445
1693278826936527872,6,0.3146077003519956,0.6980119755578436
1693278827036590592,6,0.454430078081945,-0.7921019612968807
1693278827144914432,6,0.05962897812002499,-0.5236648109582687
1693278827261584896,6,-0.0159422463002048,-0.8802098486936207
1693278827369881088,6,0.993918540215097,0.42330494940020547
1693278827478371072,6,-0.8139467232838236,0.8425488059442128
1693278827586592512,6,0.7945749438629184,0.03951843698407398
1693278827694949376,6,0.40169381939735915,-0.2550160518518385
1693278827803275008,6,0.9491095803365022,-0.830195164967021
1693278827911646208,6,-0.8088459893252289,-0.7329722994980861
1693278828028295936,6,0.639925783788432,-0.850339031340245
1693278828136581888,6,0.13564145657841653,-0.13003424313002943
1693278828236599296,6,0.9284365494654816,-0.526456530516207
1693278828344993280,6,-0.47801812215277995,-0.36998216918048343
1693278828461633280,6,0.6016336439989904,0.40145121264308425
1693278828569972992,6,0.4707057375647361,-0.3638845614677988
1693278828678300160,6,-0.4560882563350912,-0.8506251283950406
1693278828786575616,6,-0.5945747474415326,0.5598739649377258
1693278828894974720,6,0.16941607160825778,-0.6891788973561266
1693278829003290880,6,-0.6712500386004636,-0.06788977512667649
1693278829119950080,6,-0.18697489618157248,0.07184909818004726
1693278829219990272,6,0.9292694445004575,-0.5847275487792929
1693278829336636928,6,-0.38338456357499084,-0.4699841461705836
1693278829436609792,6,-0.7601728872892128,-0.6847692458689676
1693278829544994816,6,0.37210968590103044,0.6527733758792995
1693278829653352192,6,0.3937559664741528,-0.9193403837826732
1693278829769979904,6,0.6718495019759725,-0.3444126822304161
1693278829878322176,6,-0.8175741924173028,-0.5035624210774898
1693278829986808576,6,-0.2885144889914326,0.026919350757458993
1693278830103365120,6,0.35436675397814366,-0.4796664145575522
1693278830211700736,6,0.9813532408158143,-0.9378358132824809
1693278830319976960,6,-0.1912155471056507,-0.0955976611978746
1693278830428526336,6,0.4961568944174184,-0.5002947435568978
1693278830536690176,6,-0.07591350224752214,0.6077935068877003
1693278830653363200,6,-0.7204139214537553,-0.976086153661174
1693278830761694976,6,0.660744663789272,0.9651344749672432
1693278830861715456,6,-0.7385695249120441,0.6473468303767116
1693278830970020352,6,-0.25552051236800466,0.26059509720764895
1693278831078380288,6,0.28937003141700357,0.1646476028281263
1693278831186837248,6,-0.4823586953069483,0.6254941832272287
1693278831303414272,6,-0.9563996345227745,-0.8710559279061805
1693278831406184448,6,0.8049921638665629,-0.11313735232802236
1693278831522886912,6,-0.742416902005991,0.8101559407603058
1693278831623047168,6,0.6587123544348359,-0.3369002174954465
1693278831739621888,6,-0.9146073618191384,-0.0780101559961186
1693278831848020480,6,-0.6640215825418871,0.14776839961344557
1693278831956271104,6,0.6433708030645675,-0.21000262355616117
1693278832064654080,6,-0.941035413999417,0.36642583350336566
1693278832172893184,6,-0.6543855763384216,-0.5705677880599467
1693278832281397504,6,-0.6256977725776767,-0.4402908914385524
1693278832389602048,6,0.7668475977872522,-0.9307011125369882
1693278832498003712,6,0.23835309769179158,-0.5084304415095091
1693278832606361856,6,-0.4097896740005671,-0.17601558740766987
1693278832714642688,6,0.10137733040796104,-0.8780418621343145
1693278832822926592,6,-0.4404480251220573,-0.7255279657358704
1693278832931331328,6,-0.6010843866668267,0.76930503244993
1693278833039671552,6,0.05162811650555943,0.26150877764951086
1693278833156285696,6,0.604336165542255,0.5896924886037405
1693278833264630016,6,0.9788072315230678,0.5638315336908499
1693278833372952064,6,-0.28177578032486994,0.08903561206810329
1693278833481308416,6,-0.030641029118983365,0.825354033196734
1693278833589618432,6,0.004786511087483403,-0.22323745086139923
1693278833698032896,6,-0.6403682526042616,-0.3622448653412409
1693278833806309888,6,-0.5619596238538109,0.7915295632286274
1693278833914745088,6,0.5570765626569489,-0.882817539443763
1693278834022978304,6,0.9830626468611416,0.058864583930863246
1693278834131521280,6,0.5336843369005457,0.9992114936226921
1693278834239638016,6,0.9479597234670043,-0.7997313253900848
1693278834348150784,6,0.3137288427524685,-0.4669459978686339
1693278834464708352,6,0.6325703232174695,0.8345189651408811
1693278834572991744,6,-0.8881826882951005,0.9927840970129143
1693278834681313792,6,-0.5611768279121503,0.6930101809302662
1693278834789689344,6,0.5947813747588175,-0.29039073086968026
1693278834898036224,6,0.6784445046118186,0.6904418047325616
1693278834998137600,6,-0.6477992648400199,0.18503901836282544
1693278835114658304,6,0.6124204507187767,0.39525312719915995
1693278835223000320,6,0.8279600082570686,-0.9435868605456819
1693278835331396864,6,0.4011216067028365,0.8951174701400304
1693278835448039424,6,0.1272129735663874,0.12621778172803677
1693278835548167424,6,-0.6235326701894874,0.9760124208092862
1693278835664724480,6,0.7632527197955206,-0.015546552209189546
1693278835773041152,6,-0.38189385569756085,-0.019127159745041533
1693278835881411584,6,-0.8194852462981943,-0.5347532838335218
1693278835981460736,6,-0.5623821166168455,0.05289702829702181
1693278836089743360,6,-0.9986330072323384,0.835792371841293
1693278836198117376,6,-0.5970712332957178,-0.7390209087616348
1693278836306371072,6,0.43387526538163224,0.837561574614412
1693278836414873344,6,0.6885681728753015,-0.3528223773903256
1693278836523051008,6,-0.9561742075128554,0.17321835018241893
1693278836631528704,6,0.8344482949622372,0.5487329976397839
1693278836748134912,6,0.6929617751582693,0.7213389331831015
1693278836856402176,6,0.9211175005515158,-0.2528184398332536
1693278836964841472,6,0.8838464269360833,-0.20880887529229142
1693278837073126400,6,-0.7979356596386273,-0.39646969254906184
1693278837181519104,6,-0.7270966622850199,-0.6849922279663083
1693278837298118912,6,0.8973870640526469,0.5836850499997435
1693278837398197504,6,0.9213242007374765,0.29836053128962803
1693278837514841344,6,-0.6515946580889387,0.9374857926663354
1693278837614868224,6,0.387120796585086,0.8576904179708507
1693278837731578112,6,0.5739835851911537,-0.5535255720387151
1693278837839853056,6,0.17790031156620723,-0.6492967400195584
1693278837948334336,6,-0.38635354140408396,0.37699687919791436
1693278838056486656,6,-0.745303270552929,0.457661911871998
1693278838164912640,6,0.8975762084425754,0.8973963196998058
1693278838273202688,6,-0.2167971454447961,0.9885662610952612
1693278838381522432,6,0.9303678805751019,-0.9352345141458251
1693278838489900032,6,0.2047773349019424,0.8420764328361587
1693278838606501888,6,0.935063371231871,-0.5582094991259758
1693278838706544384,6,0.1311004922406409,0.8733755871085085
1693278838814900480,6,-0.7187132637028633,0.4906866562039649
1693278838923204608,6,-0.5240081497012061,0.9647593098807137
1693278839039984384,6,-0.6642251664968317,0.7706405067902746
1693278839148278272,6,-0.8225479748597473,0.4179316262904489
1693278839256543488,6,0.278205375809758,0.7733070304356435
1693278839364883200,6,-0.10674013180441233,-0.46957511887424763
1693278839473252608,6,-0.5009182737294424,-0.8644104398715324
1693278839581627648,6,-0.48668411691457036,-0.7839307975707415
1693278839689957632,6,-0.9974376850106201,-0.22812580409318017
1693278839806531840,6,0.4651689889975372,0.9382036502113704
1693278839914966528,6,0.7691039951744549,-0.013836013052304752
1693278840023268864,6,-0.24257485045148197,0.09204793535690858
1693278840131951360,6,-0.7971428807257568,-0.04102149920567899
1693278840239931136,6,0.7281014409371538,0.3019391262269546
1693278840356633856,6,0.3743208084342289,-0.6746869765030232
1693278840464955648,6,-0.8525812208772516,0.6915249680491207
1693278840573280512,6,-0.4101827737677397,-0.36256618408668495
1693278840681622272,6,0.9033242628682412,-0.8515991964666814
1693278840790008832,6,-0.6597895936976186,-0.24908423184000728
1693278840898315520,6,0.4639701705426338,0.09409251722446288
1693278841006595072,6,0.796248346239947,-0.8137906292386268
1693278841123315968,6,0.18806108810418976,0.22728945155778768
1693278841231660544,6,-0.03452642702304365,-0.93801359189565
1693278841339927040,6,0.8848845162039276,-0.6700056104761718
1693278841448318464,6,0.7795065408080872,-0.6857924453384319
1693278841556673792,6,-0.7974843780533287,-0.5888990465641257
1693278841673271040,6,-0.6200314848232291,0.3943934076147142
1693278841781836032,6,0.44407620915135126,0.45994801134057983
1693278841889997824,6,-0.4694704613000469,-0.43695385310946944
1693278841998512384,6,-0.5249034301055087,-0.9007291139229803
1693278842106632192,6,0.14353961571548313,0.6797090096913021
1693278842215070208,6,-0.6928201309665316,-0.2783421575454539
1693278842331750144,6,-0.144788085108573,-0.41090110206757036
1693278842440256000,6,0.3240404520197353,0.20043105602753752
1693278842548379136,6,-0.6006503984781073,-0.9485286145366285
1693278842656840960,6,-0.6583356166155538,-0.41637706790778495
1693278842765093632,6,-0.8361278105740153,0.6875381486938732
1693278842881754112,6,-0.38329319976454124,-0.20506530298375414
1693278842990025728,6,-0.021806375758685492,0.3220801094920098
1693278843098430464,6,-0.8177262448986415,0.08825205843936068
1693278843206834944,6,-0.6302375589159055,0.7709853854990778
1693278843315226112,6,-0.2611966701361099,-0.10844945841108378
1693278843431807232,6,-0.4734080666342315,-0.06988408769069898
1693278843540032512,6,-0.5475154394346662,-0.4628760134541008
1693278843648488704,6,-0.8767212606798014,0.5044702842305742
1693278843756731648,6,0.33493691826913685,-0.8285853763201658
1693278843865067776,6,-0.31241722690790663,0.08289801201204416
1693278843973392384,6,0.9414110743471515,0.17945288460720699
1693278844073436416,6,0.10720381231581766,0.681594332860501
1693278844190076928,6,0.6368104297307471,-0.16273585013109892
1693278844298417920,6,0.07102882395785937,0.7337880274111246
1693278844406728192,6,-0.05035122375616008,0.7633077388352456
1693278844515138560,6,-0.04747543783706276,-0.8420899004518336
1693278844623393792,6,0.8055544026783081,0.4286113982607198
1693278844731806720,6,0.0042029406312096285,0.8009101229431836
1693278844840110080,6,0.6009006734413713,0.3550697711520605
1693278844948560384,6,0.24054622869860598,-0.7594362504891334
1693278845056764928,6,0.5143775112783868,-0.6542420543870111
1693278845173407744,6,0.9687359804982658,0.9443297566755138
1693278845281942528,6,0.6169214426387262,-0.7476280027229205
1693278845390334720,6,-0.15325020136880108,0.9765598726738314
1693278845498570240,6,-0.1292135089349855,0.9945384535575512
1693278845606778112,6,0.25445242446479566,0.6682162373520084
1693278845715250944,6,-0.4842272800244469,0.8216089714631885
1693278845823463424,6,0.8283478737971732,-0.8659760939027752
1693278845931860992,6,-0.22380169397049854,-0.20529001128592816
1693278846040161536,6,-0.3477463892605279,-0.44759836018550136
1693278846148501504,6,-0.08368563775476967,0.7469325067455141
1693278846265143808,6,0.5731012776555435,0.2461158571776163
1693278846373489664,6,0.04512402089961842,-0.16081233154954266
1693278846481846016,6,-0.1711152024620426,-0.7036005174131108
1693278846590142464,6,0.175868266562776,0.5167547757153459
1693278846698568704,6,0.8792999699742197,0.849856333518547
1693278846806878976,6,0.12536751895464504,-0.7980191143491027
1693278846915144192,6,-0.4278142919022552,0.07126696229183338
1693278847023516928,6,-0.3122616428450711,-0.17821992540155907
1693278847132028416,6,-0.23391305424589426,-0.028830415427338663
1693278847240207616,6,0.2179243039048704,-0.9250686590045731
1693278847356865280,6,-0.44917171593049243,-0.7122946587466525
1693278847465237760,6,0.21731052817125396,0.3873225063341841
1693278847573564416,6,-0.9224349350364098,0.779148427828515
1693278847681900288,6,-0.3370118485314586,-0.5248414121673857
1693278847790228736,6,0.49149963967827226,0.8416699658123306
1693278847898582784,6,0.7940627242988452,-0.9595342228134562
1693278848006902016,6,0.6347718506105551,-0.39389009310380674
1693278848123526656,6,-0.43930669363071684,-0.01676157328136596
1693278848231956480,6,0.39236568934994964,-0.8035652194545175
1693278848340246528,6,0.7378000501983972,-0.731228958063119
1693278848448619008,6,0.9484388492066209,-0.11377877333714226
1693278848557060864,6,0.6516466635595011,-0.46116003798247274
1693278848665308160,6,-0.16645454458923448,0.2911096228552885
1693278848773567488,6,-0.6241286182147772,-0.5772189957882048
1693278848881914880,6,0.6479388685102814,0.48188959784001595
1693278848990452480,6,0.5189865904525133,0.7343779411004514
1693278849098627328,6,0.6420347847969206,0.03053940521911369
1693278849207067136,6,-0.6820551147219991,-0.3777538134221823
1693278849315322880,6,0.013590550473110863,-0.7287003579658804
1693278849423646208,6,0.7025906819743843,0.758665182719712
1693278849540279552,6,-0.9421036813596286,-0.6144731063368836
1693278849648727808,6,0.6658598661531026,0.67395335521739
1693278849757001216,6,-0.5010194773514414,-0.08710266574383874
1693278849873627136,6,0.8360621386822324,0.40926789044007306
1693278849982002688,6,-0.45204500305128215,0.6470125833782323
1693278850090278656,6,0.010252749874327671,0.270819618151688
1693278850198726912,6,-0.7522542822186,-0.9388736152360129
1693278850306952192,6,-0.25506647692938555,0.1880871869043026
1693278850415309568,6,-0.6448326116722767,0.7409615438369257
1693278850515374592,6,0.17376049684485362,-0.3004801967106909
1693278850632004608,6,-0.6729727709642983,0.7889838406243908
1693278850740367104,6,0.4979222689698666,0.37770107523190855
1693278850848746496,6,-0.42986124713047613,-0.22686865851803062
1693278850957022208,6,-0.674185188802759,0.1445161220406015
1693278851065289984,6,0.9298352184045102,0.7142223748766046
1693278851173684992,6,0.29475978352296406,0.3553904921819415
1693278851282026496,6,-0.4618328414620858,-0.18098560700891575
1693278851390348032,6,-0.9598952850009512,0.5606073285212867
1693278851499032576,6,0.5351454568237026,-0.9822040278599085
1693278851607030784,6,0.8230308761047436,0.29474310835004824
1693278851715440640,6,0.20228390098906757,-0.9830725457702574
1693278851832030976,6,-0.49521911727869705,0.6101711383909727
1693278851932184832,6,-0.38908060323088645,0.9340488867367533
1693278852040383232,6,0.2854806225803279,-0.15238639868076187
1693278852148757760,6,-0.24704909545799847,-0.30258160145583735
1693278852257095680,6,-0.4960025814442479,-0.06660396900556864
1693278852373929216,6,0.3543923127746267,0.6486216429413272
1693278852482098432,6,-0.20569492005575962,-0.7953757940627997
1693278852582148608,6,0.02302743493660353,0.32471090505250455
1693278852699002368,6,0.6865679001715543,-0.25154047367785703
1693278852807060224,6,0.2946842401291807,0.21810020927603357
1693278852915466752,6,-0.4030481474934051,-0.7837909388283131
1693278853023853568,6,-0.8723258922057802,0.9767219316435343
1693278853132160512,6,0.2811894912293116,0.7229832005036612
1693278853240413184,6,-0.4777061841470063,0.42218755114358353
1693278853348815104,6,0.7847475953618654,-0.4024177761620271
1693278853457051392,6,-0.700141407291687,0.5309487766072463
1693278853565445888,6,0.7993740894909898,0.6108596452670596
1693278853673843200,6,0.6047274889056231,0.20006660229114326
1693278853782442240,6,0.3210606473622579,0.3615115007747636
1693278853899021312,6,0.44256639518522123,0.3108011409248832
1693278854007143424,6,0.9949381991565918,-0.48114745457602215
1693278854115691264,6,-0.16286862783731682,-0.2234501579890833
1693278854223895040,6,-0.9293619903471515,0.4161379187517422
1693278854332374016,6,0.14408486807368237,-0.6201696791772986
1693278854440545792,6,0.45309975316180706,-0.5552736120474622
1693278854557353472,6,0.06927020308842624,0.569794110592234
1693278854665568000,6,0.8130530110101095,0.3437369519248177
1693278854773861376,6,0.014629711213630658,0.6908384884891905
1693278854882231296,6,0.6812773891927999,0.752989568684221
1693278854990696704,6,-0.6377282843919985,-0.8047938723745813
1693278855103165440,6,-0.7441117206078933,-0.4826962988795842
1693278855211754752,6,0.6166877382849403,0.525836436638605
1693278855319966976,6,-0.6338632859748099,0.3594247385798566
1693278855436741376,6,-0.3287350735897625,-0.8214003559611216
1693278855536577792,6,-0.2894332077603352,0.4884198586856161
1693278855653283840,6,-0.38582945733558294,0.5761808736151985
1693278855761625600,6,-0.33736572605844706,-0.47888152918859284
1693278855870210816,6,-0.4118977566993145,0.7024277764228204
1693278855978321152,6,-0.05892686465863961,0.7327867393850793
1693278856086714112,6,0.16714923948516103,0.888601968000154
1693278856194974208,6,-0.8575685251918483,0.7788521229407757
1693278856303251200,6,0.0009547489854087043,0.73499550939646
1693278856419917824,6,-0.2366615603888258,-0.40328849236507347
1693278856519992832,6,-0.8918760587148498,0.7084795408066875
1693278856636574976,6,-0.7252694816537522,-0.599406818409713
1693278856745011456,6,-0.18161630649579186,0.13880717594690783
1693278856853337856,6,0.8132418690122551,-0.08485713387691751
1693278856961639424,6,-0.3672330847025822,0.4313369122200721
1693278857069905920,6,0.557882354867629,-0.0248383085037851
1693278857178365696,6,0.2620655445253903,-0.6463514668730785
1693278857286925312,6,0.268997938305342,-0.9905729971520123
1693278857394992384,6,-0.4529442755970008,0.5223865624299984
1693278857503368192,6,-0.6627884868341847,0.5289674722915159
1693278857611698176,6,-0.02084581873996716,0.5271383342109985
1693278857720097280,6,-0.8239173124819108,0.22895947745012357
1693278857836659712,6,0.26697508140518833,-0.19321303920409916
1693278857936830976,6,0.9306556802600663,-0.23336715989307866
1693278858045017088,6,-0.924549363050124,-0.6011714975437661
1693278858153555968,6,-0.25379718914525795,-0.9718457625507357
1693278858270001152,6,-0.3555737323038619,0.666457333133128
1693278858378395136,6,-0.6188465801191909,0.3534962833542201
1693278858478400512,6,0.25337385734324513,-0.5023537542482361
1693278858586890496,6,0.3870494943407943,-0.3113004518733582
1693278858703364352,6,-0.7421383991433945,-0.23289904738461265
1693278858811718656,6,0.17734137633614377,-0.6659596254633813
1693278858920101888,6,0.6476876593488208,-0.4035954930117225
1693278859028512000,6,-0.4183444163810268,0.4556638228936256
1693278859136723968,6,0.19273983723100474,-0.3243296975841341
1693278859245106176,6,0.7759480876740834,0.9909448196558568
1693278859353396992,6,-0.31453432148488014,0.802767552289049
1693278859461723904,6,-0.28149822726673523,-0.6231479322182611
1693278859570071552,6,0.8961687074138853,0.8364108176828668
1693278859686765568,6,-0.1932167109977494,-0.543163430328349
1693278859795162368,6,0.45433765627264266,-0.7375884471656349
1693278859903412480,6,0.4681532386230418,0.17938566959848323
1693278860011919616,6,-0.6620305162197058,-0.266817097200303
1693278860120185600,6,0.30108076024244945,-0.9252731446148095
1693278860228611072,6,0.7530882751989525,-0.48842165214941424
1693278860336711168,6,0.0694668683876809,-0.9028260768365255
1693278860445216768,6,0.9893604673141296,0.3239398316757893
1693278860553505792,6,0.30713523680150523,-0.9605164669717097
1693278860661853952,6,0.3794994967548522,-0.16644886964091232
1693278860770163968,6,-0.23949247414477082,0.09456476945785108
1693278860878522624,6,-0.0512073233445256,-0.6937458037511273
1693278860995125248,6,0.3903840584418181,0.26062268032587377
1693278861103419392,6,-0.39776709048641545,0.3233291521814441
1693278861211901952,6,0.32496593177779354,-0.4600457009256218
1693278861311877888,6,0.2112686738480083,-0.7256729540403821
1693278861420149504,6,0.6613054409417796,-0.7901715261998061
1693278861528555008,6,0.4375324490323358,-0.7645308631255214
1693278861636735744,6,-0.7719748946315041,-0.78747258338721
1693278861745208064,6,-0.6027066765874356,-0.600501227707283
1693278861853494784,6,-0.47401216877253627,0.046292215185161245
1693278861961885440,6,-0.5966536200356212,0.4068735004925166
1693278862070175744,6,-0.4092975979987741,-0.9211885847428627
1693278862178582784,6,-0.007290573263814659,-0.58461203145677
1693278862286803712,6,0.8662486893037549,-0.33879276760659716
1693278862395266048,6,-0.9945240018852146,0.3432662649304097
1693278862503561472,6,0.8137600885395841,0.6704643305264824
1693278862611833600,6,0.3380438610032801,-0.7017110146664678
1693278862720221440,6,-0.819834652848151,0.023410693929317716
1693278862828568320,6,0.44712723379695785,-0.7974190428140853
1693278862936928768,6,-0.48821579449867025,-0.5376794270165082
1693278863045260288,6,0.9773318615152082,-0.4079556425791231
1693278863153506816,6,-0.07144528552770324,-0.8003821698847651
1693278863261949952,6,-0.6505963821092182,-0.9211109600626128
1693278863378754304,6,-0.4188656455246411,0.6031922053808947
1693278863486892544,6,-0.37458578607447146,0.47708039158435245
1693278863595333632,6,-0.8100030593388394,0.5164080096824766
1693278863695330816,6,-0.9082218258131696,0.7039974501489763
1693278863803786496,6,0.3267100549816879,-0.6589754472872493
1693278863920210944,6,-0.28494519152451137,-0.12457096643613053
1693278864028664320,6,0.2436140666650144,0.7569510747949473
1693278864136940544,6,-0.8140973691251554,0.6299285790729927
1693278864245296384,6,-0.6342611593927145,-0.19844497143849416
1693278864353697024,6,0.9246198602995079,-0.45633381849961974
1693278864461963264,6,-0.2285690204813715,0.701343156073168
1693278864561980672,6,0.5997981938979002,0.29769296774452747
1693278864670360064,6,0.5938191140708138,-0.7738868872447078
1693278864778721792,6,0.3923397470475898,-0.8827072086696452
1693278864895468288,6,0.8849339759998001,-0.6812092050356702
1693278865003615488,6,-0.1679445667382069,0.18150060598067697
1693278865112006912,6,0.6045295680901919,0.356786272498411
1693278865220251904,6,-0.6374788789253958,-0.24049844176822477
1693278865328653824,6,-0.2828021703458068,-0.9423675408575569
1693278865436977152,6,0.36892826676294566,0.6770729530942234
1693278865545313792,6,0.9468891604507386,-0.7386893409031683
1693278865654149888,6,0.8407959712762054,-0.7741250412524652
1693278865770342400,6,-0.17743147252965152,-0.90805534924066
1693278865870512896,6,-0.47677426554302027,-0.3715241102522582
1693278865986989312,6,0.4091363529612462,0.35585784204032866
1693278866087198976,6,0.5350574365798206,0.15329801624675898
1693278866195457536,6,0.1300244513747828,0.955791115101597
1693278866304012288,6,0.33968871642863085,-0.32339871646315355
1693278866420346112,6,0.046206350449347955,0.4011603685951086
1693278866528811008,6,-0.8095157230966106,0.323426525691926
1693278866637036032,6,-0.5028460102985848,-0.30850102508499266
1693278866745429760,6,0.3525911367148824,-0.2302467651865714
1693278866853687808,6,0.6780660424595746,0.11668847340437583
1693278866962072320,6,0.9755832495229544,-0.8908677695446483
1693278867070407936,6,0.2867974331136258,-0.6861452533965176
1693278867178823424,6,0.6976911495520015,0.7037423028921324
1693278867287122944,6,0.7388312692255359,-0.8502695150460304
1693278867395459328,6,-0.01670407771119753,-0.5182163666055377
1693278867512060928,6,0.9402900975668003,-0.8992985709469121
1693278867620449792,6,-0.554586953662402,0.28663462964650366
1693278867728982784,6,-0.1934460130765543,-0.5300000000174256
1693278867837048064,6,-0.08181081050352956,0.6025225754534442
1693278867945462784,6,-0.10380282866925228,0.7131784483560344
1693278868062140416,6,-0.10586376017240395,-0.7625862958927343
1693278868162228992,6,-0.00525330386699796,0.30674600627674353
1693278868270511360,6,-0.7947133570396951,-0.1753229046489011
1693278868387075072,9,0.11426202280966624,-0.9996605690433271
1693278868495460352,9,-0.8182089061769355,0.20840655212359493
1693278868595523840,9,0.2381323074927646,-0.3908040837927029
1693278868712154624,9,0.016675480638929763,-0.5862975023002033
1693278868820443904,9,0.3429487415583121,0.9007102599867314
1693278868928972288,9,-0.27331504486037805,-0.8914495733888643
1693278869037106688,9,-0.5541637712073708,-0.09108003479283133
1693278869153788928,9,0.12030169021213633,0.2395159393541686
1693278869253751552,9,-0.053732637812822226,0.31433441286227914
1693278869370548224,9,0.4318270005663105,-0.7719532832885234
1693278869478784000,9,0.5186399021582342,-0.55650578435962
1693278869595573504,9,-0.3172857708463226,0.6597677712688024
1693278869703812864,9,0.92886736690868,-0.416032872383437
1693278869812218624,9,0.04397017320827179,0.40419210651997073
1693278869920562432,9,-0.9084437802899314,-0.6716892645892183
1693278870037120512,9,-0.7191016253555023,0.4337122252957655
1693278870145513984,9,0.4431181909026318,-0.786076988960962
1693278870253815040,9,0.2217035322773675,-0.6249131989367933
1693278870362200064,9,0.8604325183062906,-0.2142070201696531
1693278870462220800,9,-0.08590798341402217,0.5628408072975093
1693278870579027456,9,0.43357582893868596,-0.784468505425016
1693278870687227136,9,-0.1710593097433395,0.8532530610746214
1693278870795584768,9,0.67493247497293,0.17762221579580273
1693278870903914752,9,0.5442903472744576,-0.09899080608207189
1693278871012313856,9,0.3169133900004053,0.912380643251502
1693278871120729344,9,-0.7307279711387344,-0.002342715794777517
1693278871229358080,9,0.06072869503816847,-0.9028567887361896
1693278871337150720,9,0.8706165616633053,0.677632221357833
1693278871445678080,9,-0.034136072928147465,0.016665798143766564
1693278871553926144,9,0.8423246280876022,-0.6455951229957089
1693278871662356736,9,0.15710877140835322,0.46098932348555555
1693278871770658304,9,-0.7432364358968444,-0.22518884155866803
1693278871887232512,9,0.20109204361082256,0.765391727117356
1693278871995603712,9,0.00822023870632882,-0.2306747225125918
1693278872103913984,9,0.9590015204100859,0.8318204833941985
1693278872212236032,9,0.5247493125235854,-0.45280824008777754
1693278872320596736,9,0.9271870753595053,0.9409832998242011
1693278872428966144,9,-0.09430858783726648,-0.733256337967813
1693278872537276928,9,-0.1745090543847614,0.4000285697942503
1693278872645708288,9,0.49685373175583214,-0.40217373008915147
1693278872762300928,9,0.40298862081476994,0.721415092258316
1693278872870995456,9,0.42374871279029014,0.8710241549250715
1693278872979029504,9,0.26516656901452773,-0.5982218353493112
1693278873087258112,9,0.24833517841077635,-0.4188410090414987
1693278873195586304,9,-0.3094128382028378,0.344747426102634
1693278873304134400,9,0.9626709924697345,0.30017277561395583
1693278873412334848,9,0.9166529056103929,0.00778687808649936
1693278873520642304,9,0.3886239474546527,-0.3552372051722896
1693278873637268480,9,-0.7691894954327492,-0.2955243950742452
1693278873745772032,9,-0.03926015521874637,0.1412763885061985
1693278873853954816,9,0.33431447610443277,-0.16504413374895632
1693278873962409984,9,0.4957374467531739,0.6827786048338234
1693278874070750208,9,-0.4281440395492728,0.6946021828410978
1693278874179113984,9,0.616609558653392,0.045459972418404604
1693278874287335424,9,-0.9494557174910558,-0.7093465767344089
1693278874395811328,9,0.34050835753388364,-0.6001951654705664
1693278874504088320,9,0.5003700373401074,-0.67812921131354
1693278874612518144,9,-0.4267689036817801,-0.498877985083634
1693278874720900608,9,0.6787636289303425,0.38118970072802005
1693278874837361920,9,-0.40971886807678803,0.50718789609033
1693278874937471744,9,-0.9353872335153457,0.6280524351089374
1693278875045919232,9,-0.7950399873240468,0.7360707473088206
1693278875162666496,9,0.47898496034569993,0.7296829704092052
1693278875270714368,9,0.484825471745721,0.12254110558162123
1693278875371123200,9,-0.524809054867591,0.5686143457417732
1693278875479183104,9,0.5976435049791409,-0.4247226909855595
1693278875587756800,9,0.3289871371832471,0.8529696223375591
1693278875704104192,9,-0.2248907027160194,0.9134039400236535
1693278875812690176,9,0.9516454441122526,-0.3746920382107317
1693278875920809728,9,0.10424919506612706,-0.9740695246507234
1693278876029298688,9,-0.4973177432553886,0.24112339122369808
1693278876137433600,9,0.5618497857517708,0.7402361846426702
1693278876245963264,9,0.659966963910289,0.8229727541474772
1693278876354205696,9,0.4092581377855755,0.29526477110000116
1693278876462501120,9,0.5102154104170997,0.09323027340248258
1693278876570866176,9,0.2067739545772831,0.5522934902446643
1693278876679230208,9,0.9285796462520615,-0.41164455639101694
1693278876787527936,9,-0.6451482030234736,0.36531770340307035
1693278876895937280,9,-0.6260468369353527,-0.6524097362893897
1693278877004117504,9,0.02769370554914774,-0.24560354589470879
1693278877120846080,9,-0.14298437119853147,0.11319724119066588
1693278877229245184,9,-0.7398669397692554,0.16797211536786238
1693278877337531904,9,-0.48996770373515597,-0.33887442251546185
1693278877445880064,9,0.4193785926326281,-0.6903886044034275
1693278877554144256,9,-0.6925932328607405,-0.35473994021296007
1693278877662765568,9,-0.8982891176095464,0.8647637311423817
1693278877770907904,9,0.23121735219866002,0.3237804219298781
1693278877879492352,9,-0.01889811769264682,0.1453539811098601
1693278877987708160,9,-0.28382882367252127,0.5680628971410029
1693278878096137984,9,-0.36428198925562105,-0.5600759691448851
1693278878204262656,9,-0.6322618049292821,-0.8636470617911483
1693278878312878592,9,0.01028070091263178,-0.16813751245915665
1693278878421179392,9,0.07407190506781736,-0.8161088921218671
1693278878529383936,9,-0.5576038377970944,-0.5732923796276082
1693278878645955584,9,-0.336232970192037,-0.2784043506745346
1693278878754347520,9,-0.5631094284309706,0.5053113791090338
1693278878862602752,9,0.06099779121364923,0.9932621652086775
1693278878970973184,9,0.6473768018504045,0.962266395230593
1693278879079376128,9,-0.9823926074099252,0.3378769359887732
1693278879187617024,9,-0.1086655074306151,0.8089929169753842
1693278879296292352,9,0.22740219412158869,0.24226339524726792
1693278879404323072,9,0.917793632147867,0.3651027215370559
1693278879512705024,9,-0.3581259789858371,0.8318648605973509
1693278879629318400,9,0.8899753408636752,-0.22824813043191217
1693278879737703680,9,0.080474625885123,-0.4343420114412051
1693278879845982976,9,0.8226718532572361,0.6442181284799324
1693278879954365184,9,-0.2500839156760417,0.6056334750165877
1693278880062612224,9,-0.10888620485656397,-0.9122966781789965
1693278880171038976,9,0.7965632178117066,-0.6149752241326458
1693278880279461376,9,0.02778940025486709,0.8964236392968361
1693278880387718656,9,-0.6652103815730102,0.9125524129467981
1693278880496096256,9,0.07594966192850205,-0.9853388275663097
1693278880604401664,9,-0.8690563557925601,0.34067025228611336
1693278880721004800,9,0.5471645327385533,0.7299017114252624
1693278880829413120,9,-0.15158109611771886,-0.7921463816526597
1693278880937640960,9,0.07550842804832247,0.40548573253508247
1693278881046118656,9,0.9524478426780556,0.5504134809261225
1693278881154398720,9,0.2931223186366907,0.879502223016627
1693278881262768640,9,0.49378165134852425,-0.692490845564709
1693278881371296000,9,-0.08154952947991667,-0.3365692490654244
1693278881479444736,9,-0.8249582041316028,-0.8914638582171179
1693278881587772672,9,0.5884295739517806,0.11616841063562156
1693278881696178688,9,0.1499245885255831,-0.5447087301166866
1693278881804676608,9,-0.4827040820176487,-0.22393479271045846
1693278881921080064,9,0.26043452925157573,-0.13394993072145822
1693278882029498112,9,-0.9662180633917175,0.3465974646554255
1693278882137754624,9,0.06966874012200419,0.2828454929632793
1693278882246137344,9,0.23669871782120433,0.5119211933903549
1693278882354399232,9,0.17121602662677837,0.4017640627660042
1693278882462809344,9,-0.8548211104020458,0.8560955003326676
1693278882571113728,9,-0.7877289162600549,0.5737837953251399
1693278882679476224,9,-0.3972985803102578,-0.8269895571244146
1693278882787801088,9,0.530548482040925,-0.12464770106355005
1693278882896214528,9,-0.2097734835427647,0.32144632981448096
1693278883012980224,9,-0.052024645264097114,0.06693552762069888
1693278883121114880,9,-0.7272370793409064,-0.2180148691420194
1693278883229612544,9,0.5949692256669317,0.09144893728164516
1693278883337711360,9,0.9202685301608691,-0.7118489250830338
1693278883446131968,9,0.35457809101012505,0.8283378327692357
1693278883554468096,9,0.5900342444649185,0.4586491532316894
1693278883662880512,9,-0.253738970199352,0.8989302070610254
1693278883771140096,9,0.10704837552855784,0.1101394912805238
1693278883887862272,9,-0.753529682133002,-0.9899403218519898
1693278883996233984,9,0.19330977490666057,0.07430409710892194
1693278884104646656,9,0.8939587784577436,-0.3906176953009832
1693278884204606464,9,0.49659317346558685,0.8070927519490918
1693278884321242112,9,-0.3122967003027062,-0.17469100794750414
1693278884429680896,9,0.2918630071201749,0.025105389095174013
1693278884537745408,9,-0.67809128487121,-0.5584240612851841
1693278884646219264,9,0.6694967337361242,-0.6113475693073491
1693278884754544896,9,-0.6372840304526999,0.5993201072110628
1693278884871280384,9,0.7045022555349514,0.7027754448509484
1693278884979512064,9,0.8647397308062972,0.9886261008508668
1693278885087860736,9,-0.07746959262081221,0.0993292193583335
1693278885196240896,9,-0.4186946649598293,-0.8652744851903973
1693278885304503296,9,-0.8035951972392561,0.4511785146682805
1693278885412892160,9,-0.02561917973250294,-0.3382981366345532
1693278885521861376,9,-0.7435697068080969,0.3109459613939054
1693278885629554944,9,-0.7999098854491542,0.23903155430866585
1693278885737823488,9,0.8002371816858436,-0.3644281255325492
1693278885846351872,9,-0.09870804357012997,0.23268486051890624
1693278885954559744,9,-0.38864902118655853,0.1683398656903945
1693278886062865408,9,0.1311040158102197,-0.2710131286427415
1693278886171228672,9,-0.36733368100734176,-0.14338521408081784
1693278886279723264,9,-0.9903362346706572,-0.5076497229090318
1693278886387966720,9,-0.5569485915869605,0.4796324318772336
1693278886496387072,9,-0.1277518678206231,0.6802201175613105
1693278886613388032,9,-0.7313883352342223,0.46594559150282944
1693278886721275904,9,0.7557716590159231,-0.07430324784877951
1693278886829788160,9,-0.28251679577280653,-0.3890564071093294
1693278886930007040,9,0.10334365232039433,-0.6484596782095493
1693278887046413312,9,0.21325533214172254,0.6835859906765211
1693278887154617344,9,0.7174273107415985,-0.7199966625676002
1693278887262955008,9,0.07723607415604472,-0.4735306988128334
1693278887371355904,9,0.7726716641577911,-0.8470752428855692
1693278887479700224,9,-0.8492000864132467,-0.9627394102575293
1693278887587974656,9,0.014356622571147781,-0.9376115379833818
1693278887696333824,9,0.16378098098785854,-0.18973106489777192
1693278887804654592,9,0.18007262368143606,0.8126071547963665
1693278887913083392,9,0.10318799705231663,0.08693864783623706
1693278888021501696,9,0.9974563500237035,-0.05579209843414823
1693278888137964800,9,0.5503944776748564,-0.26836273979398095
1693278888246354688,9,-0.5533867047512899,0.5442896871209255
1693278888354692096,9,0.466453654425802,-0.4180016795712522
1693278888463101184,9,-0.07059771565909445,0.020823986687571017
1693278888571505152,9,-0.2064296847005851,0.004334539332861764
1693278888679721728,9,0.32535697875739333,0.6959636802077331
1693278888796585728,9,0.6130801138557969,0.2280719531202562
1693278888904681472,9,-0.6683128959356834,0.028273361032764344
1693278889013169408,9,-0.10755911232199655,-0.6417096321827584
1693278889121449216,9,0.8974236632259567,0.31882661390595346
1693278889221552128,9,0.935471119675026,0.4718396176696489
1693278889338000384,9,-0.03299316854513812,-0.2824089223083881
1693278889438137088,9,-0.5623617654819433,-0.024715703252704335
1693278889546408704,9,-0.8742776771730616,-0.26112962910505133
1693278889654717184,9,-0.9143831183227062,-0.586451850564998
1693278889763104000,9,0.8154521851459213,-0.2774972708807424
1693278889879866112,9,-0.06065154197958211,-0.09071310041022329
1693278889988119808,9,-0.9071250849976438,0.9611795641262046
1693278890096517376,9,-0.3518577798720448,0.4074725056952446
1693278890204839424,9,0.04274580826710128,0.6592943113073007
1693278890313185536,9,0.6697445324347868,-0.47336786123169317
1693278890421494016,9,0.08870012417674289,-0.6523003671070999
1693278890529866240,9,0.30735062626776855,-0.2694064440179047
1693278890638213120,9,0.3066730931136996,0.6709381353532891
1693278890746443008,9,0.033325795107877365,-0.24734243791290966
1693278890855411712,9,0.8144848528936393,0.032743564335140585
1693278890963178496,9,-0.29420398448054863,0.7354388437424946
1693278891071585280,9,-0.02627687465164885,-0.03577982057374807
1693278891179947520,9,0.20842196057137374,0.0036739689414835297
1693278891296693248,9,-0.7220633858457401,-0.6687883551420157
1693278891396515840,9,-0.8458235485175063,0.2869540047766195
1693278891504825600,9,-0.5769657917284905,-0.6261886483824648
1693278891613331200,9,-0.2755541115698179,0.43460541690819077
1693278891721709824,9,-0.7633395543529147,-0.5393073348013508
1693278891829848320,9,0.62234525874592,0.44051131774989805
1693278891938056960,9,-0.03696670122102774,-0.042370714559835765
1693278892046788352,9,-0.5785920978964731,-0.6775074802747485
1693278892163163392,9,0.6667299927905084,-0.9551079236914173
1693278892271512576,9,-0.9137113373296692,0.1469730227045365
1693278892379964672,9,-0.677741719264924,0.25908084977630996
1693278892488136704,9,-0.9216182695210329,0.1445385984609291
1693278892594213888,9,-0.8881759916791117,-0.48348070796658305
1693278892702578176,9,-0.6399249208474058,0.9164766729691074
1693278892810830080,9,0.19871504558985942,0.1272094046715304
1693278892919334912,9,-0.9627599287255262,0.4390945990081774
1693278893027534336,9,0.3234901252583162,-0.4330907471887191
1693278893135823360,9,-0.828502994528511,-0.10159327676108654
1693278893244110336,9,0.9855516474159576,0.7346047979841888
1693278893361004800,9,-0.6588664320206075,0.6607271494085616
1693278893469168384,9,0.20167742882240014,0.5892321405209024
1693278893569527808,9,0.6409063602609948,-0.6362316962598007
1693278893685749504,9,0.3192975001157061,-0.4709586029094206
1693278893785999616,9,0.44837359615551176,-0.3146574508793363
1693278893902490880,9,-0.09305970971981647,0.1811919818646146
1693278894010918656,9,-0.5403724256424405,-0.22907623451630488
1693278894119161600,9,-0.782859772196969,-0.5953029018236498
1693278894227563520,9,0.719183384021211,0.00871905214142532
1693278894327699200,9,-0.16040997465678775,-0.7008776127470879
1693278894435939328,9,-0.8074028465535912,-0.04826162902104536
1693278894544245760,9,0.22949633896073385,-0.9219268727637435
1693278894652560384,9,0.5677364696775369,0.006658416276918988
1693278894760878848,9,-0.7649671868504591,-0.03551812977503821
1693278894869234176,9,-0.7393423184456713,0.20694930164942105
1693278894977612288,9,0.6550435573041469,0.7939379056950633
1693278895085803520,9,0.5497408461356066,0.29846347021306774
1693278895194270208,9,0.04408845932310834,-0.2592450995024398
1693278895302534144,9,-0.913123433327037,0.05963303787941121
1693278895410933504,9,-0.5410274872418996,0.6046003920156275
1693278895519257344,9,0.5791111703019092,-0.23752700760188983
1693278895627703040,9,0.17809617228241303,0.48278808456449007
1693278895735822848,9,0.5230784540949838,0.39341520631493343
1693278895844491008,9,-0.8045661833064348,-0.7322337887507973
1693278895952748032,9,-0.04571752599091994,-0.5349742187546886
1693278896060882688,9,0.7181064946028228,-0.43346666398208833
1693278896169313280,9,0.753532626386449,-0.1827065906255696
1693278896277621760,9,-0.6219579725642586,0.41829767441221577
1693278896385868544,9,0.5788449646102498,0.15597429160089238
1693278896486139648,9,-0.764342792037698,-0.9856118950988371
1693278896602660608,9,0.3090922416063948,0.3755334735555522
1693278896711261696,9,-0.36819657074145873,-0.2754604204508184
1693278896819245312,9,-0.6904428388763728,0.3031518695558635
1693278896927810048,9,-0.4927345475360321,0.7099538525358571
1693278897036003328,9,-0.15287690513327368,-0.26871181112705655
1693278897144384512,9,-0.44887891424002246,0.36121141012689684
1693278897252717056,9,0.5099438012196669,-0.1735436834081272
1693278897361103872,9,0.567576833927075,-0.03506448598623879
1693278897469397504,9,-0.259574062241706,0.1098227125966571
1693278897577681408,9,-0.49244470911460736,-0.3866938266508111
1693278897685956608,9,-0.3112873915702927,0.4109892159421704
1693278897794429184,9,0.47156486120922136,0.7099978456471938
1693278897902680320,9,0.3185656982524061,0.49562839015977533
1693278898011126784,9,-0.10681024516956139,0.39862288459010675
1693278898119447808,9,-0.6764097645837275,-0.5710837169238399
1693278898227861760,9,-0.19887818714855432,-0.32312430738130615
1693278898335974144,9,0.1011524291936361,0.39411481744892063
1693278898444430080,9,0.41357986706573957,-0.6785239817335655
1693278898552759808,9,0.9291405027490349,-0.9894187330548561
1693278898661139200,9,-0.8178228315225919,-0.7093431283284926
1693278898769275392,9,0.8517235755956982,-0.12924513089447198
1693278898877782016,9,-0.8718390872613788,-0.556459510760976
1693278898986220800,9,-0.8399205266083947,-0.9244893234298421
1693278899094582528,9,-0.23134797914795602,0.9688962012625464
1693278899211098368,9,0.22793118143342772,0.04201108644111784
1693278899319360000,9,0.42321166341796235,0.1949451276281926
1693278899428371712,9,0.8914317156912155,0.6404574688564408
1693278899527838720,9,0.280582629060274,-0.12205590291752832
1693278899636382976,9,-0.5965855143879708,0.31376844541368576
1693278899744537600,9,0.6078198182307673,-0.4279869765826092
1693278899861109504,9,-0.9327812972074832,0.19902982578497896
1693278899969490944,9,0.03162726310565667,-0.5366580543638768
1693278900078126592,9,-0.6610342163737957,-0.9278777337113024
1693278900186160384,9,-0.5214867494252455,-0.9994254562907532
1693278900294645504,9,-0.6851104782992183,0.9936342876544126
1693278900402834944,9,0.5593457579528345,-0.293744673286944
1693278900511413248,9,-0.2097137658975876,0.17216033041939705
1693278900619540224,9,0.03548540197858974,0.47385108029279
1693278900727869440,9,-0.8627656561258821,-0.819668284809699
1693278900836112384,9,-0.4310124259272412,0.6595296048985997
1693278900944586240,9,0.8300179478963079,-0.3038095035035151
1693278901052728576,9,0.9265753301309776,-0.4469843026057556
1693278901161494016,9,0.21272681598450438,-0.6109496138280779
1693278901269495296,9,0.8594276816242405,0.1498134434916294
1693278901378029312,9,-0.47778498865612185,-0.18573074778559673
1693278901486180352,9,-0.7870700872148468,-0.8552280589465922
1693278901594848000,9,-0.4114963510637599,0.8940309303553251
1693278901702864384,9,0.6058844851447147,0.9134186991705504
1693278901811301888,9,0.7522260924861339,0.6262946992127485
1693278901919549184,9,0.14978775754781792,0.38838372294260015
1693278902028013824,9,0.9321109112662118,0.12633720760986034
1693278902144550912,9,0.539934385467667,0.5149465700933449
1693278902252901376,9,0.9224774506032287,-0.0823031413317521
1693278902361326592,9,-0.07855911707097563,0.17365303429995893
1693278902469679104,9,-0.9452986049358523,-0.7674633971181548
1693278902578273792,9,-0.8648914786774928,0.26732359511637704
1693278902686224896,9,0.988396066730951,0.35382595213019985
1693278902794600704,9,-0.5401397228216918,-0.36853861194214277
1693278902902790400,9,0.9108913742467204,0.0330084344096766
1693278903011403008,9,-0.9805536165711501,0.6643540898464573
1693278903119638784,9,-0.503484781275845,-0.8139811396758165
1693278903228266752,9,0.3473958335636276,0.6421493789850603
1693278903336153344,9,-0.8479423589326218,0.8627924796713253
1693278903444834048,9,-0.04688909182142065,-0.29292414756765783
1693278903553085184,9,0.7886325057404133,-0.4618484350624019
1693278903669656576,9,0.8942362181269563,0.3662146170475371
1693278903777968384,9,0.8198549179757757,-0.002001319272633806
1693278903886275072,9,-0.6006669218113816,0.4708581304856614
1693278903994788608,9,0.745484996816596,-0.5864427353559802
1693278904103116288,9,-0.5944668824234534,-0.500609132106085
1693278904211532544,9,0.23719379836361654,-0.6880088630476822
1693278904319747328,9,-0.7866214197892176,0.8403762590659791
1693278904428131072,9,0.35162424975305306,0.32684815664090006
1693278904536432384,9,0.22765395055150495,0.528488425271054
1693278904645075712,9,0.082947909206049,-0.9154737465380045
1693278904753125120,9,-0.03541583759789879,0.2413349496635333
1693278904861546240,9,-0.015319244591575965,0.9707226586488968
1693278904969764096,9,0.7939995463865901,0.7375376712491069
1693278905078244608,9,-0.018389296786906595,0.968789365355109
1693278905186543616,9,0.8320136593451146,-0.43946675363362586
1693278905295321088,9,-0.5558144338403734,0.15333037269481942
1693278905411540224,9,-0.8917036574224317,0.598539835559962
1693278905519830528,9,-0.04335984677591309,0.08153589118365412
1693278905628300800,9,0.004950424243345131,-0.2125661542952042
1693278905736467968,9,0.3726772930607789,-0.6503992757619019
1693278905844870912,9,0.9530143904740835,0.3964891361922791
1693278905953254912,9,-0.07985881990713994,0.3784210981192977
1693278906061588736,9,-0.9763600427791022,-0.5784952285971046
1693278906169721344,9,0.16201643795889353,-0.34912760016914723
1693278906278395392,9,0.22555619272354277,-0.4805984618194039
1693278906386514432,9,0.09712680075837721,-0.5257216949849095
1693278906486531584,9,-0.057309270523089095,0.22616808627689555
1693278906603208448,9,-0.26815169775614645,-0.0024599667796063596
1693278906711896576,9,-0.5789350357786873,0.4014252536326015
1693278906819849472,9,-0.2553807442623679,0.7086521744816392
1693278906928209152,9,-0.44074093623863186,-0.6402215425460083
1693278907044876032,9,-0.7377216670025522,0.15178545841592417
1693278907153187584,9,-0.5428665010006628,-0.8002605181810938
1693278907261509632,9,-0.4601017861949268,-0.5283896542289848
1693278907370152192,9,-0.1355624965383302,-0.238233235537064
1693278907478279680,9,-0.7083125293249273,0.9182958414933384
1693278907586699264,9,-0.7009038854690341,0.6113367231151803
1693278907694926080,9,-0.6467854466807743,-0.000804347776298675
1693278907803672576,9,0.9911235405992032,0.6987798307933208
1693278907911758592,9,0.034013949841001256,0.4411206590492611
1693278908019906304,9,0.5706658733877568,-0.39993163569310264
1693278908128307968,9,0.1242769041434224,0.1356690384106234
1693278908236486912,9,-0.20319619627334484,0.38108635192128837
1693278908344975616,9,-0.8799272445519668,0.6276361384136926
1693278908453340416,9,-0.04692115129572594,0.2597244247243089
1693278908561581568,9,-0.10029036187241647,-0.33068692297087443
1693278908669956608,9,-0.2780759578897569,0.12070006962852897
1693278908778285824,9,0.8636891515555363,-0.4845703490951616
1693278908886845184,9,-0.96032933277248,-0.7575250215665925
1693278909003267840,9,0.7347371679482735,0.9262331218358282
1693278909103472896,9,-0.6020837787262536,0.15178891494669733
1693278909220077056,9,0.2982619037991501,-0.6509223285410832
1693278909328276224,9,0.5606181961984742,-0.2897819232182164
1693278909436514048,9,0.3463856802947003,-0.025012511391276693
1693278909553348096,9,0.4730523295243101,0.779264898276441
1693278909661880320,9,-0.2378580031743085,-0.42695284688842183
1693278909769849856,9,0.2634243809669379,-0.7103033234438652
1693278909878352128,9,-0.6648489290389323,0.615434287914137
1693278909986620416,9,-0.3252233800021338,0.262546816651674
1693278910095086592,9,0.14327514774758687,0.6978015438776173
1693278910211690496,9,-0.8573118436468852,-0.6760010221060293
1693278910319936512,9,-0.5435641212242535,-0.36624351660887755
1693278910428428032,9,-0.4172872944111603,-0.4650552182587242
1693278910528488448,9,0.28928858631037646,-0.45750379729730195
1693278910636672000,9,-0.11020322470405652,0.725612967294005
1693278910753441280,9,-0.27367031949914256,0.1738395470520211
1693278910861600000,9,0.9310520656449892,-0.1720218782526537
1693278910970031360,9,-0.632227601793232,-0.9537978153669848
1693278911078404096,9,0.45554483286480885,0.32404509561727934
1693278911187393792,9,0.8808746746759912,0.40139385684936846
1693278911294991616,9,-0.8398705242489057,-0.6661790699206951
1693278911403369216,9,-0.7939813718862279,-0.8724152008176795
1693278911512253184,9,0.7573819528994827,0.09686748763658759
1693278911611924480,9,-0.947270173267518,-0.20597495847966107
1693278911721055232,9,0.5299927442671915,-0.8334975972186267
1693278911828775424,9,-0.47509547147002573,-0.6894512759996763
1693278911937464320,9,0.30966535108669957,0.7709426341927976
1693278912053734144,9,-0.3812586929000028,-0.5052069613696155
1693278912162187264,9,-0.431649439883822,0.25296136925237933
1693278912270234368,9,-0.7374457787462723,0.6770355577857492
1693278912378767872,9,-0.9428574139601742,0.3270982706076091
1693278912487046144,9,0.7207376348267851,-0.34959736668704244
1693278912595642112,9,-0.04769051868925289,0.9499630908801893
1693278912703738880,9,0.08116832278456632,-0.4551711447753717
1693278912812405248,9,-0.1103101352585123,0.9390845291090923
1693278912920556288,9,0.39524575381409477,-0.6459267200405758
1693278913029109504,9,0.19516839767312133,0.26209504528211935
1693278913137131776,9,0.27170227285167137,0.12796897344257485
1693278913245631744,9,0.046919608709014904,0.2790564974216241
1693278913353815808,9,-0.3806773437720068,-0.30566339967173817
1693278913462318848,9,0.07933624427211927,0.609415532492906
1693278913570427904,8,-0.11627938884693112,-0.26843335610324437
1693278913678863616,8,-0.4803859121245513,-0.39285416885382207
1693278913787040512,8,-0.9998153072101439,0.6307595783217763
1693278913895474688,8,0.6958929767653412,-0.3122301655000115
1693278914003973120,8,-0.061604089511947624,-0.9833657788072534
1693278914120407808,8,0.8441767914881058,0.8939150237362488
1693278914228821248,8,-0.04586585909708574,-0.9817348008473337
1693278914337167360,8,-0.1391293734615331,-0.4141547739952245
1693278914445978880,8,-0.5375692129616829,-0.9855640299884649
1693278914553756928,8,-0.25271224694593286,-0.17652826186773085
1693278914662395904,8,0.12110871727923089,-0.21049584075963335
1693278914770637568,8,-0.6734610093394224,0.47423570820675476
1693278914878863104,8,-0.22055346029360812,-0.24328387945007646
1693278914995481600,8,-0.47403944910750195,-0.15552123449261468
1693278915103914496,8,-0.5208763701228789,0.5290765881532291
1693278915204028416,8,0.8199088068785698,0.6151498808551512
1693278915312206848,8,0.3692805807570385,-0.4306462906530941
1693278915420818176,8,0.4858537842623034,0.6176172981980743
1693278915537172480,8,-0.17419224697350533,0.7069640467832081
1693278915645574400,8,-0.6351856419947144,-0.42080940141742906
1693278915753848576,8,0.2737854190966935,0.2354588278050307
1693278915862263552,8,-0.4557317390967519,0.245507560551107
1693278915970604288,8,-0.6244211149119776,-0.9612092055060073
1693278916078957568,8,-0.9007358555538028,0.06994150611953254
1693278916187304960,8,-0.6281248037169487,-0.7954530226869205
1693278916295590656,8,-0.4616097342217089,0.43039188442255005
1693278916395604480,8,0.45421414089506995,-0.5343790040880891
1693278916504146944,8,-0.6986326126050229,-0.012840893608509374
1693278916620580352,8,-0.3161742922627475,-0.37684662959388904
1693278916728960256,8,0.5989247038721404,0.995926892331199
1693278916837286144,8,-0.07263106559314148,0.5828494285305905
1693278916945591296,8,-0.3395027059283393,0.6870925985361571
1693278917054011904,8,0.9032880834652159,-0.8879233111962144
1693278917162371328,8,0.551305821425047,-0.8572306105018863
1693278917270681088,8,-0.05970644680256054,-0.6156154141470944
1693278917379286528,8,0.6830785758805193,0.6345014479991407
1693278917487265280,8,0.6565040947886629,-0.7560768876284585
1693278917595906304,8,0.5362913417023796,-0.5020752789855318
1693278917703921152,8,0.5424506660546691,-0.11407811571415993
1693278917812462080,8,0.4752380251070172,-0.9329794168594499
1693278917920723712,8,-0.07833072937544028,0.5419919355803773
1693278918029131008,8,0.04227824011456782,0.9642317028112282
1693278918145621248,8,-0.05434891001696962,0.3628846401157064
1693278918253998848,8,-0.37578126883186047,-0.3538736230341877
1693278918362320128,8,0.25832850826139864,-0.9156281688105379
1693278918470734336,8,0.8748418472644677,0.041852505835019205
1693278918578983424,8,-0.49337451932982224,0.2770400240840476
1693278918687335424,8,-0.6025527363952004,0.775039152087085
1693278918795619584,8,0.7273153314992007,-0.5644235018897943
1693278918903921152,8,-0.774143081367525,0.26581793180348945
1693278919012420352,8,-0.3509730247398064,-0.6652792871834279
1693278919120744192,8,-0.44779991232310445,-0.7607008159785227
1693278919237450496,8,0.578287560389777,-0.9821402882213157
1693278919337421312,8,-0.9160132619578092,0.5669504805021197
1693278919446447104,8,-0.04945864247669984,0.19242456786322504
1693278919562407680,8,-0.25720267339353264,-0.8210401945006511
1693278919670611456,8,-0.6846030876052498,-0.817196895391574
1693278919779259648,8,0.2372897168758823,0.8616975690372541
1693278919879256064,8,0.993946205967071,0.25026466041881346
1693278919987346176,8,-0.880449736781155,0.2891497932958369
1693278920104120320,8,0.40265628004600584,0.5829324887304255
1693278920212447488,8,-0.7483450846695472,-0.5346507382878729
1693278920320742400,8,0.9633514219276671,0.577123651573747
1693278920429020416,8,0.5133950464027781,0.6110507531731717
1693278920537487616,8,-0.12256220380680527,-0.6140694018996831
1693278920645882624,8,0.3784999605680843,-0.2836650054991372
1693278920754250496,8,-0.7305356524780955,0.7973260885400852
1693278920862507008,8,-0.029395733674973723,-0.12499999166988163
1693278920970867968,8,-0.41057080711820615,0.39407554999130956
1693278921079081216,8,-0.6204483275606971,-0.6267465421017924
1693278921187702784,8,-0.30467064196346905,0.4648048202454256
1693278921295867648,8,-0.4493510742833937,0.6626991867822398
1693278921404016384,8,0.8289480039560921,0.10904062033211304
1693278921512574464,8,-0.8622468332776811,-0.6899490438493461
1693278921620825088,8,-0.40865467757853047,-0.47330146220913605
1693278921729132544,8,-0.2657745859909211,-0.9985603425515011
1693278921845902336,8,0.27605212488707487,-0.24191286066684525
1693278921946412544,8,-0.6289314198057001,-0.9625602868238896
1693278922062544896,8,0.7136585766684291,0.5520331355958776
1693278922171033344,8,-0.5224268835679577,0.44200712536784637
1693278922279539712,8,0.3165788347596399,0.07791304318680958
1693278922387528448,8,-0.2250183196385287,0.048139537620904616
1693278922495930880,8,-0.004901680860905477,0.10293561449842903
1693278922604223744,8,0.22607848470105352,-0.3547999201744121
1693278922712719616,8,0.2818078595701463,-0.7790717319211917
1693278922820951808,8,0.046401078386471006,-0.8666403138074688
1693278922929292800,8,0.6703867157965828,-0.7404514673555078
1693278923037886208,8,0.7469855551611446,-0.5958419426224357
1693278923145944064,8,-0.02925942552660943,-0.8024928267029354
1693278923254252288,8,0.142024362709398,0.6725990532129826
1693278923363014656,8,0.3158425165699368,0.051642725228823405
1693278923471083264,8,0.40262804314942513,-0.48812293933204387
1693278923579379712,8,-0.26729195981140763,0.21190724846490006
1693278923687640576,8,-0.858252078099756,0.8604220736181021
1693278923796002816,8,-0.582523813012997,-0.01718899714345179
1693278923895986688,8,0.7795346503269329,-0.840086393534256
1693278924004377856,8,0.6020398980217683,-0.878599623427897
1693278924121114368,8,0.11603977894004336,0.8764877153997213
1693278924229568512,8,-0.16809359458049378,-0.261862698283053
1693278924337649408,8,0.4168675699576738,0.647285932554801
1693278924446210816,8,-0.46836873100666954,-0.9186936954513143
1693278924554403584,8,-0.8592237407795118,-0.3921909022638892
1693278924663170560,8,0.8892069640144713,0.9211734908742497
1693278924771043072,8,-0.8057614996846749,0.4503438656183778
1693278924879460608,8,0.0633221028049451,-0.6210791737866486
1693278924987916288,8,0.052384043587394125,-0.5024739418919733
1693278925096389888,8,0.25065010707830404,-0.6422042167421658
1693278925204346112,8,0.4983887159547449,-0.1696307995005195
1693278925312752128,8,-0.7889716362016885,0.27724859977608407
1693278925420961024,8,-0.2840732682571925,-0.08255881514325125
1693278925529610752,8,0.3304847095470873,0.7656480387464522
1693278925637715712,8,-0.6663813621929051,-0.6392069227998636
1693278925746083328,8,-0.19688565277020964,-0.32497425887686204
1693278925854371584,8,-0.683647088201337,0.9968671441065629
1693278925962818560,8,-0.1139756600034243,-0.2953518494593357
1693278926071078912,8,-0.36969000771520544,0.9829259812362539
1693278926179558912,8,-0.3506917827598153,-0.25656097512925746
1693278926287905024,8,0.5283687358087423,-0.13882385453350898
1693278926387741184,8,0.45173536723033947,0.21682674051407802
1693278926504524288,8,0.12628940560856816,-0.5721437279125592
1693278926612862976,8,0.5314164392685696,0.8522938451853148
1693278926721147648,8,-0.49182174563395176,0.9233035512626688
1693278926829524480,8,-0.10500042200350124,-0.20581887662119236
1693278926938018304,8,0.45262655667458307,0.9659129423570956
1693278927046192384,8,0.19152565324757154,0.03521871768065843
1693278927154694912,8,0.9868240191090785,-0.3963166921352026
1693278927262961408,8,-0.39933207654365277,-0.5562265930351198
1693278927371197184,8,0.7114408510164123,-0.9565972570848009
1693278927487804160,8,0.6438798448942289,0.379438367818854
1693278927596265216,8,-0.44808572651278866,0.10732630657064135
1693278927704482304,8,0.11264617101353691,0.8518449004234645
1693278927804583168,8,-0.6905704275624882,-0.9245273998324604
1693278927921088512,8,-0.2886884934290186,-0.72318361304718
1693278928029641984,8,-0.2658342139478722,0.16431141271974004
1693278928137805568,8,-0.5340117028915312,0.6221484735653167
1693278928246248192,8,-0.8161897574292547,-0.2004035030444722
1693278928354592000,8,0.8357636066889356,0.46853190775515974
1693278928462928640,8,0.44716105348903,0.5858083886285599
1693278928571154176,8,-0.6541950182873548,0.6514104887697709
1693278928679705088,8,0.37919020209979837,0.15246492355339614
1693278928787966976,8,0.8153112842941888,0.19046240511916013
1693278928896202496,8,-0.3992134923134507,0.4615787239125544
1693278929013255680,8,0.15256739231267735,-0.8430452081542923
1693278929121282816,8,-0.8881545823533612,0.5418030073402769
1693278929229747456,8,-0.3041395860941336,0.6342834000930844
1693278929337876992,8,-0.16695657476416126,0.7356621939024406
1693278929446533120,8,0.7395730282424398,-0.5465646572756968
1693278929554536704,8,0.30555836632070177,0.20460326863308498
1693278929663542784,8,-0.977131238074793,0.5548372362880947
1693278929771991296,8,-0.23502607562947353,-0.39043321424151434
1693278929880507136,8,-0.9176354956728736,0.07985945887733825
1693278929988483840,8,-0.7008399616653975,0.004803220894465499
1693278930097091584,8,-0.5584056503594297,-0.898960371708345
1693278930197054976,8,0.46315714712988276,-0.21423459096192965
1693278930313748480,8,-0.10876752804457857,0.1902643825896806
1693278930421910784,8,0.009458692224069587,-0.5558287436971714
1693278930530466304,8,-0.42043394168662584,-0.21135519224386812
1693278930638747392,8,-0.7356219092582439,-0.8349097747228347
1693278930747085056,8,0.14288118102125869,-0.9013778038598239
1693278930855460096,8,-0.20161740090611624,-0.8298420250635292
1693278930963672832,8,0.003646231211589246,0.5476502731125132
1693278931072133376,8,-0.7392496502096517,-0.7302584725480901
1693278931180540416,8,0.11859235462708062,-0.024277800391334425
1693278931289004288,8,0.3044968779583377,-0.6078013992135585
1693278931405339904,8,0.23199367518840375,0.4713355082906452
1693278931505423360,8,-0.5075083189857739,-0.8567120393178302
1693278931614032384,8,0.5535437975833672,-0.3531767176875775
1693278931722106368,8,0.8482761617901657,-0.8208107037465295
1693278931830513152,8,0.3434951068994707,-0.15291879526871988
1693278931947104768,8,-0.30338428630695136,-0.3585232742946609
1693278932055768064,8,0.18775429808214095,-0.9515863393294619
1693278932155876608,8,-0.3903623049072138,0.9753038339274585
1693278932264059392,8,0.2324419889090068,0.9803183645426634
1693278932372656640,8,-0.11557978953149695,-0.7083630496194449
1693278932480908800,8,-0.9102448981372535,0.6363438402636288
1693278932589128704,8,-0.6006295727884885,-0.2523584193588613
1693278932697936384,8,0.5154675651861242,0.7055282903584008
1693278932806079488,8,-0.7752565184297915,-0.8909239732764915
1693278932914391296,8,0.8978818300515776,0.8534593902182142
1693278933022930176,8,0.7375047032899371,0.6402679128599924
1693278933131318784,8,-0.9725334146131372,0.38759045011223514
1693278933231227648,8,-0.7774440153670603,-0.09987685872330809
1693278933339618816,8,-0.954503769697596,-0.5819809177515958
1693278933448359936,8,0.07601091581397212,-0.5923972942467897
1693278933564536320,8,0.046531762933062604,-0.48268399314880295
1693278933672750592,8,-0.03394733931061644,0.4598471670195776
1693278933781289472,8,-0.7173051581521164,0.3975104640165057
1693278933889615616,8,-0.9632229748873911,0.16600988665283145
1693278933998244864,8,0.32705668399928634,-0.9130359850010821
1693278934106260736,8,-0.6593607059104734,-0.4319729179040186
1693278934214703104,8,0.5783769890148442,0.2359295527827956
1693278934323557888,8,-0.8938295026874421,0.30951574363077405
1693278934432030208,8,-0.9833316495031448,-0.22270970552604163
1693278934540220160,8,-0.457379241839325,0.7041658895145173
1693278934648671232,8,0.32020074665872955,0.7285645471199069
1693278934748860672,8,-0.9618433521316117,0.7348208857089624
1693278934857342208,8,0.2988222895044568,-0.537662759724366
1693278934965926144,8,-0.23859759407430414,0.9532238797797083
1693278935074315520,8,-0.8007925763149253,-0.36908806138244055
1693278935182696960,8,0.7335454910562396,0.06312129032642644
1693278935291008000,8,-0.627165225164962,0.0013016457377577062
1693278935399463168,8,-0.08402747570443858,0.852699946052867
1693278935507581184,8,-0.9570230835713089,-0.5052157205004975
1693278935615992320,8,0.05883072771023978,-0.3328607307384486
1693278935724602624,8,-0.21320036434545053,-0.6859894988183346
1693278935833341696,8,-0.3064401941849091,-0.296173835465638
1693278935941471232,8,0.25046194050202075,-0.5275904685855746
1693278936041738240,8,0.9564885344890925,0.0025029223543147072
1693278936150050816,8,0.623785720199491,0.25158472743152616
1693278936258731264,8,0.7573545483823207,0.780804172157523
1693278936367059712,8,0.629717275356674,-0.9410682030895845
1693278936483886592,8,0.10987870319361104,-0.43961231074358986
1693278936592198656,8,-0.6965836384626307,0.7943506299383429
1693278936700774912,8,0.3138635178992253,-0.8244099657253972
1693278936809061120,8,-0.2355857562911834,0.9212113868891432
1693278936917293824,8,0.22489678670021096,0.2510492009896532
1693278937017661952,8,-0.545144045094649,-0.5192783836588479
1693278937134589184,8,-0.6945016916622968,0.9410743461904341
1693278937242992128,8,0.8194707871283424,-0.341430523258907
1693278937351495424,8,0.08446750241178469,-0.5864854506779813
1693278937451593728,8,-0.7228469464029268,0.08270765370202993
1693278937568290304,8,0.6002101183281872,0.7251753231601363
1693278937668342016,8,-0.38200320767563456,0.41027277557020136
1693278937776822016,8,0.047610967003743454,-0.7294950123121695
1693278937885818624,8,0.9913716004640174,0.9515538181371985
1693278937994120448,8,-0.7096952102149763,0.8660598928458136
1693278938111429632,8,0.8342242413468348,-0.36500757831612174
1693278938219819008,8,0.11468059618713755,0.897203128329523
1693278938328303872,8,-0.7632254185656426,-0.3648048216175661
1693278938436693504,8,0.7592762432325306,0.45415906652038296
1693278938545457408,8,0.5308700251383698,0.760263800217152
1693278938654960128,8,-0.17191968916064226,-0.17749647344130137
1693278938755202304,8,-0.11399102590069599,0.8675370487823859
1693278938871671040,8,0.7882601862676053,0.8665000608316005
1693278938972321024,8,-0.45240767073695287,0.5582157699455856
1693278939080670464,8,-0.7864571343131979,-0.6305070068508654
1693278939189118208,8,0.5248949674659309,0.2239631953380481
1693278939297498112,8,-0.4662747739910409,0.13408618587794918
1693278939414307584,8,-0.538177302533974,-0.5356349314613287
1693278939514555904,8,0.3747557703567219,-0.28147733093089733
1693278939622796288,8,0.37628256946543215,-0.0467955599116292
1693278939731282944,8,0.004649174900922537,0.20942351920550295
1693278939839761664,8,0.42403825595332,-0.25208119773899806
1693278939948125184,8,0.7042588649311703,-0.017108805867330545
1693278940056785664,8,-0.7249745553167706,-0.6134803410429797
1693278940165651456,8,-0.9355408935459084,0.5290777082564693
1693278940273824000,8,-0.969971479096486,-0.46028259470763744
1693278940382894848,8,-0.17391195561656048,0.4847333233257991
1693278940490992128,8,0.9764868349259133,0.5155531794512584
1693278940599675904,8,-0.8677273515302213,0.8542064123555877
1693278940716610560,8,0.9712552791727362,0.7342580052772067
1693278940825803264,8,-0.02011420297827282,-0.3502087463919088
1693278940934026496,8,-0.0849101411165758,-0.5064323182768273
1693278941044592640,8,-0.19026646351494314,-0.9163474498997637
1693278941152892928,8,0.4706635597993212,-0.23925166248975827
1693278941261676800,8,-0.37420501717700505,0.22300974934010398
1693278941369969920,8,0.4849357094158895,0.1876116027855781
1693278941478978816,8,0.05046106340577916,0.7515659437196336
1693278941587254016,8,0.5738397246377462,0.04129818244749739
1693278941687781120,8,-0.09678081487267587,0.6540202033186997
1693278941796619520,8,-0.9151681679818044,0.9916727430480963
1693278941905887232,8,0.037405305175023384,-0.20877760672821655
1693278942014199040,8,0.47034016310053484,0.1154018996268189
1693278942123189504,8,0.032253366189596955,0.2612971061854408
1693278942231908608,8,-0.9014091016374479,-0.4176412755317409
1693278942340610816,8,-0.20392021709088137,-0.3908917043555229
1693278942448974336,8,0.6552420152115015,-0.07730567207207395
1693278942549617408,8,-0.15507563509911715,0.22626855848778504
1693278942658938880,8,-0.8909066663689471,0.03393930053227612
1693278942767581696,8,-0.7155207624498168,0.6597870088532791
1693278942876017920,8,-0.09660382434068926,0.4452935829856661
1693278942984704000,8,-0.77365682751281,0.5574622837520795
1693278943092983296,8,0.8756849153984787,0.39222828367959117
1693278943201807360,8,-0.7293866516192749,-0.17288138980476675
1693278943310045440,8,-0.09822829030585134,-0.6422428421127688
1693278943419041536,8,0.180630950579308,0.42526878261260537
1693278943528208128,8,-0.5961359905816848,-0.09063358470529836
1693278943636392192,8,-0.4998354118455235,0.3834348566618029
1693278943745921024,8,0.8143249260108134,0.5929724449514451
1693278943854425600,8,0.4367494394371261,-0.752911566329133
1693278943964091904,8,-0.7716701223518445,-0.1012031639505564
1693278944072269824,8,-0.2741132216854909,0.04763461213229769
1693278944181576448,8,-0.23182525147685662,0.5821331884740504
1693278944290002944,8,0.023332902969010583,0.8995077782854388
1693278944406804736,8,-0.24264273717484053,-0.23878598147770647
1693278944515123200,8,0.5365206475687767,0.8245055576442648
1693278944624077824,8,0.13098315702833818,0.3190606812040877
1693278944732575232,8,-0.6998205309789765,0.7376370749564076
1693278944841145088,8,-0.6422664706534627,0.42409497575924515
1693278944958464512,8,-0.16083661752846545,-0.38096338912603644
1693278945067426048,8,0.5372608447218852,-0.10748353170185498
1693278945168747520,8,0.2529056993230585,-0.7648920431950403
1693278945277158912,8,-0.7368579363758285,-0.5942965894411074
1693278945386377472,8,0.24512065597468324,-0.4937780497639215
1693278945495704320,8,-0.08271468434292673,0.7108221128380632
1693278945604963584,8,0.08700231920860046,-0.9884989022018922
1693278945713803776,8,0.7654058410743891,-0.5242432919610465
1693278945824193024,8,0.1777246543686184,-0.04857602039369224
1693278945925055488,8,-0.1796972685772873,-0.8411901652631677
1693278946035467520,8,0.20020420859117838,-0.5105736571227333
1693278946145417728,8,0.09468321916629274,0.2395320777391705
1693278946254839040,8,0.11509729653777745,0.6505050094073652
1693278946363838720,8,-0.9021624001139406,-0.7034876636406193
1693278946473771776,8,0.30655375643104055,-0.9265578963551759
1693278946582665216,8,0.7076585744683754,0.33399308589238985
1693278946683616512,8,0.6760288715852121,-0.4031169067157645
1693278946792399104,8,0.8407693965390723,-0.9019372745024019
1693278946902174464,8,-0.16608615228928358,-0.6435032164851544
1693278947011364864,8,0.3441809905228099,0.22217951209730802
1693278947122026752,8,0.3830272361613334,0.18993797260943923
1693278947231046912,8,0.5746151590671718,-0.645161465312641
1693278947340894976,8,-0.08932434395946864,0.15793258488459339
1693278947449774336,8,0.8629596387720113,-0.8137474243564609
1693278947559128576,8,-0.4014110368069732,-0.2628611490498518
1693278947668808448,8,-0.2421212968190798,-0.8646666443580093
1693278947778096128,8,-0.14535232121781072,0.10094216562697089
1693278947887400960,8,-0.4143345732865209,-0.7309084218438979
1693278947996503296,8,0.389238876989602,-0.45116291449653323
1693278948105839104,8,0.054105466809241554,0.0492924185074175
1693278948214605824,8,0.39165899469034327,0.2241074898568478
1693278948324737792,8,-0.7813955311273475,0.459457039525359
1693278948433211392,8,0.25795719815711093,0.9743785275171657
1693278948535560448,8,-0.03267403358110599,0.3773085565086902
1693278948644683008,8,0.8677833495763665,0.9725568846882229
1693278948754441728,8,-0.425625392391479,0.21768921386894524
1693278948863610368,8,-0.3670228830030555,0.050782450663189316
1693278948965627904,8,0.9900486711151024,-0.29229331125161995
1693278949076004096,8,-0.7405737248913948,0.1252686753332155
1693278949187145984,8,0.0394116003689875,0.2637152149936721
1693278949296673280,8,-0.014991092562968156,-0.6401855366876175
1693278949406263552,8,0.21881151546123068,0.41717413500678613
1693278949515576064,8,0.9585153191321407,-0.9968381655483376
1693278949617559296,8,-0.952026404963648,0.2509214847793064
1693278949727116032,8,-0.7641485521574563,0.6961395771403733
1693278949837996544,8,0.5991287025110124,0.9979740145002616
1693278949939344128,8,-0.17191772095125635,-0.33241548613235294
1693278950051386112,8,0.12083100983565309,0.2750070871761132
1693278950160114688,8,-0.9774054640439405,-0.5976257221398196
1693278950270694400,8,-0.43674659349892275,0.5803910056924233
1693278950371610880,8,-0.38445490151220585,0.013379254192018353
1693278950482340096,8,-0.35215232123385976,-0.9877374751294143
1693278950592186624,8,0.37167157729391587,-0.3172768295399946
1693278950703738624,8,0.4487932856220236,0.23198668599296846
1693278950814319872,8,-0.9417652363770788,-0.6487418235240046
1693278950917293568,8,-0.33897033581397995,-0.324126289452914
1693278951028182784,8,0.34494591473204284,0.8323261063471503
1693278951138852096,8,0.5945087676578498,0.2913044413291497
1693278951249097216,8,-0.037008953759278596,0.25440097541537776
1693278951359497728,8,0.7841166535798363,0.07393508994472908
1693278951470640128,8,-0.32978069093122975,0.5679780664170775
1693278951572126208,8,-0.1720938693316285,0.48516929233107375
1693278951683147776,8,0.6702114719312373,-0.4013125067212786
1693278951793655552,8,0.44992830869849954,-0.3689943171266139
1693278951897241344,8,0.07177095143077405,-0.5834750596076603
1693278952006825472,8,0.3709866006928575,0.5990706669716006
1693278952118326272,8,0.7760589390364705,-0.2928089191583838
1693278952228204800,8,0.9392265848711863,-0.43907994269223294
1693278952331307776,8,-0.9376536706216274,0.9672375377303477
1693278952440945152,8,0.25302169523050133,0.6848115498717051
1693278952552212992,8,0.14196328231229005,-0.22086745221348258
1693278952662874880,8,0.19038373405999875,0.7291873810044516
1693278952765758720,8,0.5030804173392267,0.4105323680910389
1693278952875727616,8,-0.3710012032115457,-0.93674356830869
1693278952986141440,8,-0.17226086427572707,-0.00589113120662077
1693278953097127168,8,-0.5247155074539249,-0.09618734077427593
1693278953207377152,8,0.9014534995351537,-0.5677202414706288
1693278953318252800,8,-0.3953634027389774,-0.775537455466156
1693278953427894016,8,0.5698879664748167,0.5555807829215884
1693278953531022592,8,0.8267076923341172,-0.11245181402571958
1693278953640292608,8,-0.9501304507400801,-0.03467361770636157
1693278953751969280,8,0.00010861685987961778,-0.6195766428095715
1693278953855216384,8,0.8472735357801904,0.46488213351188734
1693278953967021056,8,0.04725592300830339,0.5510664183994822
1693278954068584192,8,-0.7134099041002782,0.7435979708768659
1693278954180132352,8,0.6442770359258869,0.8760476934335621
1693278954291257600,8,0.3534345774757912,-0.7345656871022717
1693278954402483456,8,0.4491412645064672,-0.08126317877191003
1693278954503243776,8,0.4273547808052629,0.044689746437012845
1693278954616182528,8,-0.9917802615317508,0.8646746880416565
1693278954726053376,8,0.3741046614665391,0.1885751615744098
1693278954829036032,8,-0.8258482168124655,-0.06624819503447599
1693278954940242688,8,-0.9077204599514184,0.04115542421013374
1693278955043638784,8,0.31796857335499995,-0.3750383999574147
1693278955153959680,8,0.15511966881891803,-0.3757142031364018
1693278955258399488,8,0.7842711688555133,-0.35823926030761744
1693278955368453632,8,-0.614908720753083,-0.4467009226638705
1693278955471336192,8,-0.3617004189970032,-0.11776875449532209
1693278955582086400,8,-0.7646983225248127,-0.7013585544005632
1693278955686793984,8,-0.45272622831969866,-0.9694865650192195
1693278955790260480,8,0.245889925355103,0.028121323918927965
1693278955893979136,8,-0.5868452408532991,-0.2993637241517655
1693278956005018880,8,-0.36303017629605394,-0.7168863424170344
1693278956109371904,8,0.40870739227537567,-0.4334646079825917
1693278956220726272,8,-0.5103498522747312,-0.8575142575595147
1693278956325432576,8,0.22652576703195426,-0.32252221494053157
1693278956435197440,8,-0.11270472331753112,-0.73985199587058
1693278956539811072,8,-0.0585288419828951,0.3509918756850958
1693278956651608832,8,-0.7881461622774655,-0.8924002485555473
1693278956756496896,8,-0.14706850957994533,-0.6420340134996536
1693278956868404992,8,0.19224272506350104,0.18551244779632503
1693278956981438720,8,0.6723488076049817,0.398730999914352
1693278957084093184,8,0.23263067536986326,-0.37511869769793615
1693278957187821312,8,0.6348839580736627,0.42579736945632907
1693278957298673664,8,0.3417405308678718,0.06696985779025555
1693278957401704448,8,0.9473637777981756,0.5114858711425703
1693278957512370688,8,-0.06860927391366212,-0.7364094392520761
1693278957617175808,8,0.6257020354621186,0.8393780842214733
1693278957728129024,8,-0.06344818923975537,-0.08883165850651742
1693278957840910592,8,0.36895594961074885,0.42043180415769643
1693278957943256320,8,-0.06920687153122018,-0.536611572691079
1693278958055120896,8,-0.5524110921662797,0.7221925541117915
1693278958159229184,8,0.2338841744967215,0.8257232213534316
1693278958271834624,8,-0.21584616328249773,0.39922924216485645
1693278958384349696,8,0.33036123708379184,0.5775574126957592
1693278958495616768,8,0.764807780455963,-0.09343386460085612
1693278958600339456,8,-0.9394717355763138,-0.04933127592672326
1693278958712976128,8,-0.2971183586321462,-0.07751663259020058
1693278958817950976,8,-0.6583969103953635,0.5358830295296824
1693278958928956928,8,0.20888046286520745,-0.7452119960196366
1693278959041388544,8,-0.7941355793820921,0.6351057844500703
1693278959152830464,8,0.5935155467239215,-0.34826054340377666
1693278959257278208,8,0.2989028255779145,0.5848618790822941
1693278959368834560,8,0.06549113185666267,-0.198367050431133
1693278959481451008,8,-0.17311618866659284,0.2417496777130821
1693278959585120768,8,0.09589803455800228,0.9477834624405899
1693278959697541376,8,-0.23236708244592053,-0.31857168364169985
1693278959802729984,8,0.6278314097830631,0.1819403980843497
1693278959914221568,8,0.5686279532343927,-0.12929258395416765
1693278960019674112,8,0.5746535411805038,0.0890537603815369
1693278960125218560,8,-0.5276913617091559,0.3252245138526737
1693278960230963968,8,-0.8442111948226834,0.8617265181527856
1693278960337462016,8,0.1483765816203979,-0.02673938700075662
1693278960450701312,8,0.18432627016418413,-0.07418313137623533
1693278960554839296,8,0.11017540242752277,0.6440461046280894
1693278960660650496,8,-0.6476519955987377,0.9117668927579179
1693278960772950784,8,-0.8607847303411487,-0.7825107323302527
1693278960878960384,8,0.6281334399641365,0.5426867577413577
1693278960983476224,8,-0.24217797327923418,-0.0114097052069142
1693278961089624320,8,0.32032951804223986,-0.8189339903352892
1693278961203389696,8,0.6340671798425426,0.7745230731482489
1693278961309451520,8,0.8065120094267801,0.2722656400477792
1693278961413232128,8,-0.999631319089566,-0.7065492918956073
1693278961527438592,8,-0.7015671364519833,0.06251164215062932
1693278961632929792,8,-0.22003467953842648,0.15586282979190003
1693278961746360320,8,-0.6086667596450199,0.36303357597329233
1693278961858543360,8,-0.36680456549323615,0.14055281571070322
1693278961965020416,8,0.8264085304671365,-0.39089973392335153
1693278962077438976,8,0.8866665949922274,-0.13054593327952602
1693278962183972864,8,0.9651606070267842,-0.3114707471387199
1693278962288182016,8,-0.8214251908253585,-0.983761495180566
1693278962402690304,8,0.9728432969812135,-0.1916051678711661
1693278962505742080,8,-0.7448886058851305,-0.411630674266658
1693278962619632896,8,-0.2615542128521846,0.09777027320712084
1693278962723754240,8,-0.8937453776472315,0.40670824885413426
1693278962838788096,8,0.6415065672799383,-0.28151073888393774
1693278962943854848,8,0.7224956792922204,0.7313592736599555
1693278963050336768,8,-0.5295176590723472,0.40444376454001474
1693278963155182848,8,-0.21146335266211191,-0.3637453807626121
1693278963269636352,8,-0.2344207703168295,-0.23686990983501022
1693278963384005376,8,0.09023757593655679,0.3249751206250504
1693278963487417600,8,-0.050257174088524925,-0.623546323844469
1693278963602218496,8,-0.2308098846178106,0.8489640855832081
1693278963708331008,8,0.6799253734534307,-0.6914654182125499
1693278963813987072,8,0.9949120860209417,0.3401321638457351
1693278963927233280,8,-0.7314451037108489,-0.8565080069245512
1693278964034322176,8,-0.9685844012499469,0.4426784647239548
1693278964139515392,8,-0.026597326130767263,-0.12652976848222286
1693278964246383616,8,0.9804352840151749,-0.8306731114205679
1693278964360204032,8,0.2844857991627099,-0.16828906744490935
1693278964465949696,8,-0.08794269124295617,0.5778568490652816
1693278964578613504,8,0.20885902539359047,-0.1485916581265856
1693278964684855040,8,-0.6404052458048708,0.018829828860233322
1693278964791067904,8,0.10410006076203904,-0.09990846537478704
1693278964906270976,8,-0.28938553890971974,-0.6284179326180839
1693278965012056320,8,0.2091465146456657,0.15587700155611262
1693278965124974080,8,0.6936077733473982,-0.5265000654439629
1693278965231714304,8,0.003457609850919807,-0.17832437267058432
1693278965338261504,8,0.09233252072859321,-0.2660599494954665
1693278965453199616,8,0.9564668988863383,0.1362991554031987
1693278965557675776,8,0.4097650851097494,-0.7736712607701306
1693278965663421440,8,-0.03693418261799608,0.3809945297250614
1693278965777321984,8,-0.7158250401886483,0.462586366033674
1693278965884164608,8,0.9671581962607898,0.9673367552545995
1693278965999213056,8,0.5577396345052177,-0.07012734536901788
1693278966106218496,8,-0.8435307961202148,0.7798309566091091
1693278966211471104,8,-0.8231072985346422,-0.05509685530270869
1693278966317805056,8,0.48337222134674973,0.9208220939147045
1693278966431325440,8,-0.8438361632216869,0.2673753282308162
1693278966537283840,8,0.5961964812819427,-0.3750005571091308
1693278966642298624,8,-0.8944514557184984,-0.3129076579953245
1693278966750355456,8,0.557054266494265,-0.06226237931795775
1693278966856828416,8,0.025326220781431763,-0.061535215765754936
1693278966972090368,8,0.46762909489145854,-0.1579677857024293
1693278967078732544,8,0.9211626049542503,0.5964464440139821
1693278967177744128,8,-0.4215831135584689,-0.9293475196502932
1693278967284156416,8,0.8457290321236328,0.49885055875883744
1693278967392296192,8,0.45394342817398226,0.12741254658167267
1693278967498621952,7,-0.8771644736930722,-0.05367893609194341
1693278967605341440,7,-0.6618415180912616,-0.8967602304172535
1693278967711783680,7,0.9807296587788046,0.6177915593591343
1693278967827034880,7,0.24863401096013305,-0.42636869125425547
1693278967934990592,7,-0.8349796663698357,0.011192218614552107
1693278968041690880,7,0.7028905121052684,-0.44430240613146177
1693278968148695040,7,-0.7349224743873215,-0.4380561370370224
1693278968263569920,7,0.7157167681598025,-0.9715939798738187
1693278968372443904,7,-0.776901191416062,-0.6507723046819645
1693278968479649536,7,0.18354025094162263,-0.6977287730700428
1693278968586628864,7,-0.10669366464366292,0.6156813826471472
1693278968687104768,7,-0.47749482419300526,0.40154974514537867
1693278968795065856,7,-0.030162972497803198,0.5987440128235346
1693278968911414528,7,0.7240288560552972,-0.31430400931728397
1693278969019563520,7,-0.8311970685817953,-0.7098594964214551
1693278969126534400,7,0.867883709396776,-0.6916994029639034
1693278969234010112,7,-0.008103448856453754,0.9871711494467834
