rover_timestamp,sat_timestamp,x_offset_ratio,y_offset_ratio
1693274724419036672,4,0.2788535969157675,-0.9499784895546661
1693274724752036608,4,-0.4499413632617615,-0.5535785237023545
1693274725124527872,4,0.4729424283280248,0.3533989748458226
1693274725260277248,4,0.7843591354096908,-0.8261223347411677
1693274725360260608,4,-0.15615636062945915,-0.9404055611238593
1693274725476763392,4,-0.5627240503927933,0.010710576206724776
1693274725585142272,4,-0.9469280606322728,-0.602324698626703
1693274725693423360,4,0.2997688755590464,0.08988296120643335
1693274725801731840,4,-0.5591187559186066,0.17853136775181744
1693274725910091520,4,0.6188609133556533,-0.987002480643878
1693274726018416128,4,0.6116385036656158,0.3962787899764537
1693274726126762752,4,-0.31949896696401625,-0.6890410003764369
1693274726235200000,4,0.9144261444135624,-0.32681090977474647
1693274726343490048,4,-0.8145083132397042,-0.806567246333072
1693274726451800320,4,0.6949887326949196,0.20745206273378214
1693274726568481792,4,0.6142565465487604,0.45946357338763577
1693274726676862976,4,0.07245618290940148,0.9462315279587412
1693274726785141504,4,-0.24293124558329304,0.104081262546454
1693274726893473792,4,0.6588093285059897,0.2370395047284921
1693274727001804288,4,0.7234138006215545,0.15470429051352408
1693274727110422272,4,0.40914367242984695,-0.9083512326886756
1693274727218486784,4,-0.5442034486969063,-0.42122407279578566
1693274727326823936,4,-0.840416046152745,-0.5344182272779396
1693274727435182080,4,-0.7979971411805418,-0.44405279377981577
1693274727551850240,4,0.27136888852880037,-0.2703356420598315
1693274727660150272,4,-0.2596380657662347,-0.5809859384570246
1693274727768502272,4,-0.4660443559017733,0.873309175424988
1693274727876913664,4,0.2960707704931871,0.21826201133397638
1693274727985234944,4,-0.657722703603806,0.45825359590069836
1693274728093535744,4,-0.6731950124761432,-0.24108911648470444
1693274728201829376,4,0.9790467012731905,0.2799995197081857
1693274728310227200,4,0.11389948754929247,0.3692285019797492
1693274728418575616,4,0.6857038403796192,0.5519998230924896
1693274728526858496,4,-0.5419038560717913,-0.9357995121919245
1693274728643547136,4,-0.36909390388183616,-0.46451824804859454
1693274728743620864,4,-0.5780343128273471,0.8858194286701089
1693274728860179200,4,0.7527352529453377,-0.37064423840304417
1693274728968650496,4,0.3108773305897601,-0.20873619787867148
1693274729076857088,4,0.829095179481087,-0.0822962948252024
1693274729185205504,4,-0.4702396670038951,-0.5067449846120331
1693274729293519360,4,0.12273626832630158,-0.47451678295412947
1693274729401871360,4,0.16917198044708104,0.795645767204954
1693274729510302208,4,-0.20119898971920547,-0.5613584816854333
1693274729618537984,4,0.9950752129902205,0.01905258735292903
1693274729735228928,4,-0.8181811756524122,-0.9057672491505309
1693274729843720192,4,-0.7807017392986817,0.2548920834061801
1693274729951857920,4,0.5841587287259282,-0.15568006640063192
1693274730060213504,4,-0.8729445876960857,-0.23676142698692648
1693274730176909312,4,0.9922427604801936,0.058228690198274036
1693274730285386496,4,0.9421567552272363,0.7215594044689961
1693274730393533184,4,-0.9770379561143607,0.4414436387203893
1693274730501888768,4,0.36342073805314956,0.07394066081759032
1693274730610241792,4,-0.46634962009491443,0.2819235971596161
1693274730718542592,4,-0.7768956528082471,-0.13046949866179003
1693274730826887680,4,-0.09255258734158711,0.9076318550421603
1693274730935230720,4,0.7517058807563881,-0.4732218984978185
1693274731043600896,4,0.0011722261005966406,-0.6426962389397373
1693274731160326144,4,0.825255678689641,0.7410371396735338
1693274731268583424,4,-0.4031104171027342,0.2778989897320103
1693274731376985088,4,0.21794042287634463,-0.6943214629007304
1693274731485236480,4,0.5250216001503025,0.07875806023925147
1693274731593598464,4,0.5572529572611165,0.06070734439035497
1693274731701924096,4,-0.998856207744113,-0.3516878859906538
1693274731810271488,4,-0.9610465152283354,0.8581972325292342
1693274731918583296,4,0.7574437556463685,0.6633310587223589
1693274732035243776,4,-0.38497174919467714,-0.8841496670116249
1693274732143600896,4,0.7560191984080811,0.8938988905959881
1693274732251916288,4,-0.8286930958642424,-0.02801907336677245
1693274732360254208,4,-0.8615749630632328,0.5212043305144631
1693274732477100544,4,0.5316688586139755,-0.7432170710004744
1693274732585292032,4,-0.04943524380253739,0.0996071869898878
1693274732693632768,4,-0.4698867421198818,0.7448660821705149
1693274732801958144,4,-0.15372411959822618,-0.5764035891158359
1693274732910317568,4,0.07859217755891668,0.45986213817995236
1693274733018611456,4,-0.5976978732206082,-0.3765674173982101
1693274733135278080,4,0.9902987133217893,0.299756115278907
1693274733243672064,4,-0.12379983217099189,0.035151682071181245
1693274733351948288,4,-0.7579916082634686,-0.5506053259368853
1693274733460310784,4,-0.32382887570508934,0.17661743691446663
1693274733568775168,4,-0.539770534806846,-0.559565231096881
1693274733685289216,4,-0.8580138279819349,0.2622059145401978
1693274733793624576,4,-0.5421164323776912,0.8108400260122559
1693274733901946880,4,0.719270800507493,-0.8582853002226931
1693274734010313984,4,-0.5239907312620096,0.33795555659256116
1693274734118625280,4,-0.5715263852591228,-0.73537630254995
1693274734235353344,4,0.871028481161342,0.14208618665056894
1693274734343671296,4,-0.05465794737641172,0.5692388485815068
1693274734451983360,4,0.6149939955332868,-0.6191801712762446
1693274734568679680,4,-0.8061383715423533,-0.13789763518724496
1693274734676994816,4,-0.15284275396015845,-0.06595066392665005
1693274734785349888,4,0.4581516989197012,0.34672909458660306
1693274734893677824,4,0.9683304227319323,-0.8031642576960822
1693274735001981184,4,-0.19475743579546245,-0.3213947892100737
1693274735118683904,4,0.7233450727055821,-0.5026873321594287
1693274735227022592,4,-0.619582183118377,-0.1027729043337362
1693274735335333376,4,-0.15623672033119163,-0.44290971066611906
1693274735443687424,4,-0.500387104235799,0.8465311985520256
1693274735552024832,4,-0.11373850989308609,0.7226982095236612
1693274735660351744,4,0.10065062489969612,-0.8988233409502375
1693274735768677376,4,0.9985649368254532,0.6720551701599038
1693274735877034240,4,0.9379925145695025,0.8527339660162552
1693274735985405952,4,0.6973914688286109,-0.667377778792172
1693274736093818624,4,-0.02871774909856306,-0.5725054016016367
1693274736210355200,4,-0.19791941490109477,-0.8827292000556421
1693274736310485760,4,-0.2420537620461678,0.9706176875594519
1693274736427078656,4,-0.4695938836556961,0.5681412038971387
1693274736535377920,4,-0.08998326532171341,-0.15398502801967417
1693274736643738880,4,0.9146352817193464,0.9908453789854277
1693274736752053504,4,0.11153664681123643,0.436816550592652
1693274736860396800,4,-0.6904063494518717,-0.4065843490108716
1693274736968901632,4,0.9374187299383177,0.15836058163251243
1693274737077061888,4,0.08439040274854848,0.4959511207581282
1693274737185383424,4,-0.8856694541850338,0.16835518891794243
1693274737293704704,4,0.005700765839027122,0.7054397840965707
1693274737410414080,4,-0.6851345441210335,0.9215578065489007
1693274737518747904,4,-0.8397770695188262,-0.6283500780385536
1693274737627074304,4,0.19007021290005532,0.3504251072081803
1693274737735400960,4,-0.5295922099981376,-0.7602267721057516
1693274737852145408,4,0.780574628258875,-0.5075693044227503
1693274737960493568,4,0.1890383070668824,0.23876302066420618
1693274738068743680,4,-0.16155016932825506,0.16734457858244944
1693274738177190400,4,0.04556543106391775,0.8694125154728545
1693274738285421824,4,-0.5914816011529271,0.4323836015788296
1693274738402077696,4,-0.522628094768308,-0.208428306417491
1693274738510427904,4,0.34338044591994255,-0.40000584040247555
1693274738618799360,4,-0.36764560745629193,0.5037289848288042
1693274738727105280,4,-0.8549137710136854,-0.08342895476282775
1693274738835452672,4,0.9969088817088847,0.9921928957101889
1693274738943789824,4,-0.853478557800734,-0.5736913754659192
1693274739052134400,4,-0.4695991704991973,0.8665187559874181
1693274739160664832,4,0.7617283473728791,0.7585404849690855
1693274739268801280,4,-0.2609458225222321,-0.6845063352855361
1693274739377150464,4,0.667489909279614,0.4070798501747419
1693274739493813504,4,0.22335553145190024,0.9744661272630086
1693274739602147840,4,0.3079526354214652,-0.9843537856956841
1693274739710504704,4,0.6342082702309233,-0.4012424956000442
1693274739818836480,4,0.32677742993215464,0.8778600078542078
1693274739927159808,4,-0.7314177712132646,-0.7691426591617956
1693274740035483648,4,-0.7859280445811647,0.10644728176963181
1693274740143801856,4,-0.45530357537036736,0.20965965406044784
1693274740252269824,4,0.43522437427759586,-0.5928053753450941
1693274740368798464,4,0.26847591777015944,-0.4720321967391812
1693274740477266176,4,-0.02293629570124689,0.8106729821586465
1693274740585486336,4,0.6922074265897109,-0.8154030645745332
1693274740693906688,4,-0.15284845487254728,-0.44663955205549666
1693274740802177280,4,-0.9929086218244354,0.5422384460392542
1693274740910574592,4,0.27422675460275925,-0.4760894751313036
1693274741018848000,4,0.48246181669586163,0.10336084225278253
1693274741127233792,4,-0.14462616203864131,-0.9806606007833201
1693274741235501568,4,-0.8495122798524659,0.7662127866002859
1693274741344206336,4,0.8078571431197863,0.09118057841104465
1693274741452226304,4,0.6691900397720334,0.16501913297958803
1693274741568879104,4,-0.7038124288650347,-0.7451089614357225
1693274741677220864,4,-0.38348330013973264,0.79796297748518
1693274741785753600,4,0.5922446097760834,0.7214051640018055
1693274741893870080,4,0.7978492730529492,-0.5798469233204919
1693274742002229760,4,-0.5009405215541511,-0.7944127566564287
1693274742110549760,4,0.5602324837428854,0.7682694029020178
1693274742218969344,4,-0.1872452203357664,0.2413230203014256
1693274742327358976,4,-0.6908933233355907,0.8597620313873489
1693274742435574272,4,0.7292113924399279,0.9524120658619257
1693274742543986432,4,0.6215434398807937,0.7628324093266488
1693274742652284928,4,-0.9504272762036226,0.4731289435101642
1693274742768917760,4,-0.33562906410714266,0.8616317720966511
1693274742877227776,4,0.6044702778742779,0.7281280567505588
1693274742985580544,4,0.621498633148778,-0.46638858081105594
1693274743094077184,4,0.5747490182709423,-0.7838087471940858
1693274743202233088,4,0.7443335658121795,0.7171865026755633
1693274743310558208,4,-0.5551325649086711,0.6331732111938579
1693274743418962176,4,-0.07939353064211585,-0.38961826532279886
1693274743527296512,4,0.5906909983057236,-0.5448090251844593
1693274743635641344,4,-0.952671130597097,-0.6137404233445827
1693274743752283392,4,-0.34347609760458697,0.7287058840605727
1693274743860609536,4,0.9337782080967223,-0.4417500145562572
1693274743969002240,4,0.2829634772152554,-0.20064323127987826
1693274744077286400,4,0.9622993743965202,0.07243146495744379
1693274744185644800,4,0.8784742806494314,-0.7693164962971448
1693274744294041856,4,0.9408012220444559,-0.6428643676550727
1693274744410644480,4,0.9250686315231109,-0.46906727495406275
1693274744518971904,4,-0.7831949055705778,-0.1308724828707113
1693274744627315712,4,0.4570901213054086,-0.37264537161001754
1693274744735648768,4,0.21241770661228654,0.022846119338956195
1693274744843968512,4,-0.22960913331054567,0.15317608699319907
1693274744952324864,4,-0.4905549877228361,0.4175705676683412
1693274745060740608,4,-0.9966174435627411,0.8511503309981654
1693274745168980992,4,0.0769039941855838,0.438859998289691
1693274745285675264,4,0.48390015567895306,0.34125700886599897
1693274745394004992,4,-0.27155705643747163,-0.8600523777473796
1693274745502316800,4,0.32847536982254466,-0.3395999279148072
1693274745610800896,4,-0.37216870988328066,0.696030559012671
1693274745719007232,4,0.43950852602790036,-0.39935546357747165
1693274745827471104,4,-0.3814306755826935,-0.1832141827615663
1693274745935738112,4,-0.19519922588455074,-0.40868959494810597
1693274746044078080,4,-0.7454244018816936,-0.1591073324541834
1693274746152343296,4,0.880727341460366,0.35463589054546585
1693274746260688128,4,0.8056110914651653,0.23102983190276105
1693274746377355520,4,-0.39810025086886935,0.09587442627139642
1693274746477358848,4,-0.999188120605425,-0.4261725662621456
1693274746585685760,4,-0.1402237000203308,0.15996956239136395
1693274746702347008,4,0.30941124740614323,-0.07002361950597158
1693274746810735616,4,-0.11568040139038516,-0.5725971980217994
1693274746919232000,4,-0.053627628181347475,0.8023616516565084
1693274747027379200,4,0.5920495202535605,-0.6606172076038905
1693274747135735040,4,-0.8304089265497565,0.030904019830432894
1693274747244122880,4,0.26588171153159146,-0.3296234891803982
1693274747352414208,4,0.6368469290733285,0.5022762750814644
1693274747460918528,4,0.3455913411143341,-0.5507186680054235
1693274747577485568,4,-0.6017401345468467,-0.9511492245463473
1693274747677561344,4,-0.5103149118432997,-0.04972731156238974
1693274747785754624,4,0.6994753892494638,-0.8543435416308618
1693274747894179584,4,-0.1711179780045613,0.2595307614754274
1693274748010756352,4,-0.6111295265205814,0.39270850098100984
1693274748119079424,4,-0.011245661979126131,-0.5120311208431223
1693274748227449600,4,0.31211602222356816,-0.9889103637239365
1693274748335749632,4,0.5019289532369458,0.5400923771480501
1693274748444212736,4,-0.7868254068729221,-0.14970761211453176
1693274748552469504,4,-0.6482266365869367,0.9159320845590795
1693274748660758784,4,0.03591550088748163,-0.8995632297187182
1693274748769140480,4,-0.5016034406800567,0.6966726947033195
1693274748885778688,4,-0.08707634905965489,0.602833203444529
1693274748994130688,4,0.3351554651727062,0.975784906132896
1693274749102451968,4,0.1909046369388394,0.9000792168863119
1693274749210880768,4,0.782851851620874,0.2253046455235257
1693274749327559424,4,0.4385479225519342,0.00955632964880393
1693274749435883008,4,0.6611383394428301,0.09574390122165677
1693274749544315392,4,0.7944162064665243,0.4873108843191698
1693274749652456192,4,-0.05065112635389335,-0.4816169030699613
1693274749761001216,4,-0.5055205249806809,0.27532287355231255
1693274749877502464,4,0.5316273685943309,0.0425996256559642
1693274749985828608,4,0.2534968739635626,-0.4508051061649234
1693274750094231296,4,-0.8450332922705284,-0.428543698273695
1693274750202517248,4,-0.4565697858356308,-0.3605808631624754
1693274750310835200,4,0.08030444503691281,-0.7232518769676886
1693274750427534848,4,-0.5374770405436264,0.38789962459810456
1693274750535818752,4,0.41283828338910444,-0.8715422985722439
1693274750635848704,4,-0.18480126066682656,0.08522228100783069
1693274750752496896,4,-0.1684515317936881,-0.5863312209711795
1693274750860839168,4,-0.15971296445314875,0.8096769566803539
1693274750969228288,4,0.1681588284084503,0.39104597299593613
1693274751077606400,4,0.7134640646078685,0.5311891522361389
1693274751177630208,4,-0.23923794214457672,-0.9882078328320139
1693274751285886720,4,-0.2964823946563506,0.5069502501187717
1693274751394245376,4,0.7068959011382092,0.9068606769402126
1693274751511002624,4,-0.1619574347403563,0.49503133795610155
1693274751619203840,4,0.09226461946767817,0.20650517788248268
1693274751727550208,4,-0.5589226113523622,-0.5611567307571277
1693274751835840768,4,-0.1283280479067268,-0.9419503601065695
1693274751952515584,4,-0.3277409126032351,0.3582837700566994
1693274752060945920,4,-0.19136666172472583,-0.6699105375929824
1693274752169226496,4,-0.0652197015353797,-0.7447444054376786
1693274752277523968,4,0.24451392194812938,-0.9460670961897246
1693274752394218496,4,-0.21195948732059056,0.12878396604954823
1693274752502556160,4,-0.9457959073193751,0.2854992960186715
1693274752610993408,4,-0.7286010255388715,-0.07660311189697655
1693274752719222272,4,-0.8994307330227449,-0.24179227162372086
1693274752827672576,4,-0.5766794315770369,-0.3463083902373829
1693274752944265728,4,0.5224594157880542,-0.24174756887172744
1693274753052548864,4,0.5040196471095697,0.6638485703105452
1693274753160910848,4,-0.4954569364352388,-0.8361875344767149
1693274753269245696,4,-0.9612334258999786,0.0788380958450674
1693274753385984256,4,0.9998156570184185,-0.30007931255963216
1693274753485913088,4,0.30028818649975,0.5624660992217898
1693274753602604032,4,0.30350931048777885,0.5084664081190524
1693274753711066880,4,0.8992234654319777,-0.6012786352749342
1693274753819257088,4,-0.9592399653593353,-0.6952353084304193
1693274753919276800,4,-0.7475580502515875,0.33891768923982135
1693274754036094464,4,0.12793916386003823,-0.5640709181869927
1693274754144284416,4,0.3989299424923016,0.5337961967124816
1693274754252737024,4,-0.6644217132643955,0.21449498778186338
1693274754360965120,4,0.49585130391057164,-0.7709342572422047
1693274754477641472,4,0.6386023486221701,0.9294415460681753
1693274754585935104,4,-0.7838025006847869,-0.948643149005068
1693274754694370048,4,-0.3760855112106096,0.3546945737008176
1693274754802643456,4,0.9163456764117919,-0.20669111696674536
1693274754911020288,4,0.4300294100989368,-0.8480070443138801
1693274755019275776,4,0.3812288318659607,0.2544847912020889
1693274755127704320,4,-0.7961973891080469,0.544961769902448
1693274755235983360,4,0.7005864781775926,0.20082322963368826
1693274755352663808,4,-0.7578898698653698,0.9676887030293426
1693274755461036800,4,0.5652706927220392,-0.30559246938310203
1693274755569341952,4,-0.1432439735305111,-0.25885824756388764
1693274755677660160,4,0.011921579354155831,-0.31753765027743364
1693274755786005504,4,0.6991512539991547,0.6446618361801162
1693274755894361088,4,-0.7889222587120028,0.9215751344291572
1693274756002664704,4,0.27117021220289184,0.6574146220049164
1693274756111036928,4,0.41461728741215387,-0.1290257099846459
1693274756219403776,4,0.46759060802678376,0.9309474624761553
1693274756327846912,4,-0.45983520722519833,0.6163984376135119
1693274756436020224,4,0.07634581289651154,-0.033004992233607755
1693274756544745472,4,-0.12885101399221144,0.46205242861024454
1693274756661032704,4,-0.46320892390154933,0.7034263200386637
1693274756761054208,4,0.6614620377812068,-0.8266742038886512
1693274756877746176,4,0.7632623680055439,-0.512273121618088
1693274756986072832,4,-0.07058306679353654,0.22066340846104127
1693274757094393600,4,-0.24202139174347193,-0.9426000044598208
1693274757202691840,4,0.7019056726249182,-0.6363202856846164
1693274757311216896,4,-0.575760299640522,0.595664713656193
1693274757419366912,4,-0.3193223136714327,0.7606399595164508
1693274757527915776,4,0.4023675006644032,-0.4474628484876302
1693274757636116480,4,-0.9796977711226458,0.8961251555540624
1693274757752902400,4,-0.8287740760839575,0.4401493282083886
1693274757861089280,4,-0.022844306302425288,0.5163293069649328
1693274757969528832,4,0.38121867889304606,0.29180579948190455
1693274758077792000,4,-0.018357329842827674,0.5858657362646349
1693274758186107904,4,-0.8138932988906566,-0.5568071990549397
1693274758294458112,4,0.3835743105904037,-0.3875879397398232
1693274758402796544,4,0.16311117066473435,-0.05347902248095049
1693274758511154944,4,0.0618438622915356,-0.1489923745895705
1693274758619432192,4,0.49187087342721925,-0.3384174056081397
1693274758727744000,4,0.4057098843715379,-0.45816714604760733
1693274758836130048,4,-0.497192647598117,-0.7586882304953884
1693274758944470784,4,-0.6148314130969652,-0.7608905174898943
1693274759061113088,4,0.07172793076749961,0.5243792189682059
1693274759169469184,4,-0.6297003151246761,-0.5672307202427886
1693274759277793024,4,-0.031602825574582605,0.44917000218610315
1693274759386107392,4,0.9532140457661136,0.0492737382172157
1693274759494469376,4,-0.43400259345008996,-0.7989477838184185
1693274759602769408,4,-0.6117648438178531,-0.5450336730348906
1693274759711258112,4,-0.6411169126291933,-0.9717032654878723
1693274759819459584,4,0.06827017853532658,-0.4513773464334654
1693274759927848192,4,0.9485898622054758,0.1067179335972166
1693274760036267776,4,0.3948347858203889,-0.7474410140831822
1693274760144476672,4,0.736922394525888,-0.018242610952442284
1693274760261200384,4,0.7454394699970692,0.1481284392526645
1693274760369497344,4,-0.061206110138979586,-0.1190624037279795
1693274760477897216,4,-0.6312726592198366,-0.8972465656328443
1693274760586157824,4,0.8821271935362065,-0.04454162546862461
1693274760694556160,4,0.6442312905988608,-0.19858511549612046
1693274760802831360,4,-0.8518356594887204,0.2588914139039966
1693274760911184896,4,-0.8927818514149337,-0.7016048310526897
1693274761019507712,4,0.12567919416912843,-0.39232897631554464
1693274761127877376,4,0.9878362454204404,-0.7630968755770768
1693274761236291328,4,0.5288868906523885,0.21263530248592555
1693274761344563712,4,0.5814816596868388,-0.5486257258699307
1693274761452895232,4,0.04514507026043568,-0.09897107022249152
1693274761561221888,4,-0.11455799196134331,0.7203333316523601
1693274761672580608,4,0.9800625209335958,-0.3892395113612792
1693274761780734976,4,0.24205464214429706,0.21926182449026066
1693274761897387520,4,0.48017861096909,0.895180400650756
1693274762005845760,4,-0.5844241883528973,-0.577949609389214
1693274762114263296,4,0.32085627438407327,-0.6858858132382457
1693274762222441984,4,-0.652372903347131,-0.8498702621976642
1693274762339059712,4,-0.9946485547942285,-0.09899259076459521
1693274762447427072,4,0.18762239023912652,-0.4174814219379448
1693274762555781888,4,-0.5370475308879483,0.41391165975806654
1693274762672415744,4,0.4059751161874343,-0.09193734718591351
1693274762780707584,4,0.3747698401424855,0.8478220889650974
1693274762889048320,4,0.5756560532934627,0.25011601432844377
1693274762997424896,4,0.32236608570673564,0.8673369168910265
1693274763105732864,4,-0.1497220677915767,0.08912475742115733
1693274763214110720,4,0.2952694468049615,0.8168228904252122
1693274763322465280,4,0.6532623193001192,-0.8571803262883717
1693274763430797312,4,-0.6681544215585506,-0.3847763747715349
1693274763539144960,4,0.4979154441392466,0.13841409863818477
1693274763655751936,4,-0.4227788233883165,-0.7512926836505835
1693274763764210176,4,0.37735598242418744,0.3994673699514346
1693274763872401152,4,0.8853524814880815,0.0009443542358511525
1693274763980857600,4,-0.012409561309831396,-0.839116296201398
1693274764089135872,4,-0.9202784316327739,-0.13594267167845486
1693274764197561344,4,-0.35535683328340006,-0.4992641951759922
1693274764314116096,4,-0.8173462267380296,0.9238222043856734
1693274764422481664,4,0.6719172278123626,0.1503982184398609
1693274764530816768,4,0.9015725556127048,0.9991448337549027
1693274764639172096,4,0.3445631686064785,-0.4609779480658922
1693274764747723520,4,-0.9195366537107676,0.5125376608251142
1693274764855833856,4,-0.05899835349673288,0.3030189788673727
1693274764964126976,4,0.832145575853535,-0.6370217055537482
1693274765072436224,4,0.17065925055570874,0.26956943890817375
1693274765180996608,4,-0.016548395617973277,-0.8175151874123456
1693274765297473024,4,-0.3040778874106991,-0.33338321266981596
1693274765405815296,4,0.3402670190423709,0.7154661888007052
1693274765514197248,4,-0.3403926728420692,0.387347347966865
1693274765622614272,4,-0.4235644092770885,0.8903870791264212
1693274765730835712,4,0.6271320694759452,0.10019321794356584
1693274765839161600,4,-0.09034818279654111,-0.37096568565966415
1693274765947597568,4,-0.35345242744801064,0.9403694536171543
1693274766055907072,4,-0.19164988599850874,0.029192504658210217
1693274766164362496,4,0.9762384295635083,0.31532077296625793
1693274766272561152,4,0.08518718871439002,-0.173504858401357
1693274766380871424,4,-0.6248349172109458,-0.2764412816966495
1693274766489233920,4,0.5128863081111474,0.25081748429001793
1693274766597565696,4,0.5199810721220339,-0.5928835232994523
1693274766714247936,4,0.09843927817066334,0.8553455216888954
1693274766822551808,4,-0.1237678098552435,0.39650005824434453
1693274766930865664,4,-0.7571478332747603,0.9462936316433888
1693274767039251200,4,0.21774333416392988,-0.5214050753446993
1693274767147607808,4,-0.6832436723895352,0.10167801400533993
1693274767255926272,4,0.10450281810746609,-0.8135815974369549
1693274767364239616,4,0.9845142787904393,0.8258597569683359
1693274767472583936,4,-0.0771042116424332,-0.7650677018208849
1693274767580905472,4,0.6642863475378025,-0.003248990585609457
1693274767689444096,4,0.4332066519835822,0.01774403013902348
1693274767797713920,4,-0.4531502065734516,0.6694478911533888
1693274767906019584,4,0.9604892652067509,-0.5125381878497233
1693274768014266624,4,0.10253015376093932,-0.23282797350570017
1693274768130963968,4,0.8437362998631237,0.016481783185787968
1693274768239280384,4,0.7586525102929522,0.7280538688571763
1693274768347910400,4,-0.44750519435591807,0.5800123640062269
1693274768455935744,4,-0.17011515289730972,0.8684967873650402
1693274768564213504,4,0.015475351619312905,0.6410989463711567
1693274768680969472,4,-0.4343220334343467,-0.4028883004564656
1693274768789289216,4,0.17387544482832218,0.9978046664586775
1693274768897639424,4,-0.020719306688598005,-0.7028091632344218
1693274769005984768,4,0.07716115540774737,-0.30975211661398494
1693274769114303488,4,0.10383483414162198,0.08686012591734604
1693274769230977024,4,-0.08931076626699785,-0.35644529954192516
1693274769339579136,4,-0.6226952525857892,0.3949968552411427
1693274769447687936,4,0.14359528396980226,-0.5328751078842138
1693274769556055808,4,0.5510889501985177,-0.9127054018053962
1693274769664294144,4,0.4894103031303918,0.4104557620500051
1693274769780971520,4,0.6228178051297537,-0.22784249501803533
1693274769889316096,4,0.32737765896906934,0.6414951034191101
1693274769997653504,4,0.9616362773195701,-0.009342700767152934
1693274770106045440,4,-0.9259607773088476,0.00458230026593176
1693274770214308608,4,0.1803608586191341,0.7394006267244309
1693274770322659840,4,0.7483807481086167,-0.11938758045864573
1693274770431045888,4,0.05190217361512284,-0.08614385105151556
1693274770547602432,4,0.44488765514128525,-0.1800427605072712
1693274770656014336,4,0.3095626528554676,-0.6912775624569023
1693274770764578048,4,-0.061018798030536114,0.9384072611484344
1693274770872753920,4,-0.32287753189713664,0.3854091971737641
1693274770981238272,4,0.2996733051585452,0.7035305847013829
1693274771089356800,4,0.7046826731317861,0.7186843683365332
1693274771197736704,4,-0.2399812049546899,-0.36667769213320067
1693274771314374912,4,0.437434850445966,0.5188036186687273
1693274771422741248,4,0.7447660347970726,-0.9282018003246268
1693274771531051776,4,-0.8631585056368971,0.2623220337092811
1693274771639409920,4,0.8418581975605934,0.9948518459124307
1693274771747728384,4,0.4935327334758539,-0.13205705615374863
1693274771856087808,4,-0.8031137472336041,0.26749565756158256
1693274771964372992,4,0.7451584652141814,-0.11264289667658844
1693274772072727808,4,0.3880023255864691,0.806848124100972
1693274772181026304,6,-0.9080180626455745,0.5922869303244236
1693274772289559808,6,-0.4132644480695824,-0.25031782044937034
1693274772397707264,6,-0.7088604086012031,0.06233263629752006
1693274772506035968,6,0.13185612383187362,0.5850389477619065
1693274772622722304,6,-0.6600327018638052,-0.8420632986800107
1693274772731130880,6,0.7416791972897097,0.2394207370748307
1693274772839407360,6,-0.5183404162873739,0.8256580320471096
1693274772947758592,6,-0.7137645597429807,-0.07770017329000489
1693274773056221440,6,-0.49204532117291544,-0.4893465836816919
1693274773164380928,6,-0.9812051370902579,0.6092661539502926
1693274773272831744,6,0.802418847197766,0.3552217713981589
1693274773381106688,6,-0.6840487558564261,-0.11654043279237114
1693274773489495040,6,-0.3088687511138366,0.17514341025284286
1693274773606054656,6,0.2778774047200243,-0.15138212307820464
1693274773714610944,6,-0.4998035511845975,0.6906078502851973
1693274773822791680,6,-0.6015660017822153,-0.23061350206530906
1693274773931169792,6,-0.0335838778815678,-0.5255885961448508
1693274774039497984,6,0.14384538470147779,0.14962386035729014
1693274774147995136,6,0.9853840872537951,-0.4095384922334613
1693274774256137728,6,0.9558889691537253,0.31645963185736137
1693274774364446720,6,-0.45103923964354453,0.13185803391139794
1693274774481255424,6,0.37159898546802417,0.48933768233065034
1693274774589485056,6,-0.9019114984480001,0.21281298615294908
1693274774697841152,6,-0.006545426952259348,0.8083105817874507
1693274774814492160,6,-0.42761169708161106,0.5977202390151974
1693274774914683136,6,0.2141299963285319,-0.29535808832936694
1693274775022819584,6,0.27323575601178374,0.24178232626060825
1693274775139480576,6,0.35552891724671887,0.44185675334141794
1693274775239528704,6,0.3183630806335074,0.6766742339250331
1693274775347828224,6,0.25649620737379664,0.8068074081459358
1693274775456193792,6,0.2926812177810456,-0.38213423209472785
1693274775564518912,6,-0.11835361967437685,0.1591476107368055
1693274775681188096,6,0.4647195358784766,-0.8197332485075621
1693274775789474304,6,-0.40977909674168944,0.49496172987674303
1693274775897861888,6,-0.6487198591113867,-0.7356804045064329
1693274776006166528,6,0.07881551796884212,0.9429791624226798
1693274776114464000,6,0.06170474740557008,0.8269739489633938
1693274776222828800,6,0.6609452391347947,-0.4860598308734754
1693274776339597056,6,0.6493796250848145,-0.03630434025251761
1693274776447874304,6,0.612976987587533,0.4931187014340901
1693274776556381184,6,-0.32256949239622745,-0.7696605851004812
1693274776664572160,6,0.9257865857377552,-0.7184859699882347
1693274776772878080,6,0.9330004189255041,0.7202811937976437
1693274776889541888,6,0.4484334241510364,0.9598844855638069
1693274776992208128,6,0.9345394946000647,0.6091752880411239
1693274777108723712,6,-0.26844990118886725,0.5813639371778749
1693274777217123328,6,-0.9721626897981976,0.07314461653811821
1693274777325511168,6,-0.09042794453225067,0.3456567637475072
1693274777433767424,6,0.3446815947020263,0.1691201833043321
1693274777542074880,6,0.6448346024535485,0.8805837835591084
1693274777650475776,6,-0.7833077956015386,-0.5323561955768337
1693274777758780672,6,-0.9499507007070354,0.7684696904297044
1693274777867135744,6,0.1228147644997577,0.8305118174863189
1693274777983797504,6,-0.55726559985202,-0.8735659176796091
1693274778092242688,6,0.6477107027808953,0.8187752768557841
1693274778200462080,6,-0.39561965094149953,-0.18340828840917456
1693274778308776704,6,-0.7204459749855578,0.8925230657638925
1693274778417119488,6,-0.39127083128798956,-0.014750762043588272
1693274778525593856,6,-0.8056160027563568,0.7745186170570046
1693274778625665024,6,-0.728671902587327,-0.09271248622221484
1693274778742124032,6,0.34097243770034247,0.4862802430463431
1693274778850461696,6,0.8919481715588642,-0.16174649317055434
1693274778959061248,6,0.48453802953063163,-0.69095419518033
1693274779067222016,6,-0.17023094512638615,-0.801956730578943
1693274779175484416,6,-0.02130592442077095,-0.18376822860459896
1693274779283790336,6,0.903043050762119,-0.9345674262899062
1693274779400548608,6,-0.2589400825311292,-0.1132338278785967
1693274779508780032,6,0.9011103397028539,0.7109003866119092
1693274779617142784,6,-0.8012907507877394,0.3713605309625707
1693274779725513216,6,0.08893172296428986,0.9556850589040935
1693274779833947392,6,-0.28265231757536413,-0.20372071451125384
1693274779942125824,6,-0.6203828756778409,-0.7556805618254725
1693274780050695168,6,0.6960663769273621,-0.09056526285896571
1693274780158891520,6,0.325537476123956,0.2834089344664352
1693274780267212800,6,0.19429191903909016,-0.9572850905272587
1693274780375519744,6,0.5735891809092335,-0.5128622056719527
1693274780492265984,6,-0.7481522293839142,0.12915595181592665
1693274780600614400,6,-0.8627796943512882,0.5303147517771689
1693274780708846592,6,-0.585685259306683,-0.5680972961626505
1693274780817203200,6,0.7393908535390894,-0.34288089313553916
1693274780925850880,6,-0.7048916401171126,0.8010620712635164
1693274781033868800,6,-0.9943288970399673,0.7168122527603527
1693274781142214144,6,-0.710624039358984,-0.7400157371131264
1693274781250618112,6,-0.49869160654375233,-0.6510057581972131
1693274781358835456,6,0.3221152851946336,-0.9484397004276033
1693274781467237376,6,-0.9702793455385823,0.5799693284695078
1693274781575549696,6,-0.5241367878190739,-0.3524570760759551
1693274781684008960,6,-0.6515075971876456,-0.895201964277647
1693274781792211456,6,0.483436113908299,0.05217105319573423
1693274781900601344,6,0.4913305500679914,-0.04750806915349948
1693274782008913408,6,0.5560340786284055,0.026475915218383328
1693274782125724160,6,-0.781891979992309,0.007677379571642717
1693274782233840384,6,0.8908312859402125,-0.9132699262016566
1693274782342300928,6,0.5664539919607592,0.7339618155196765
1693274782450650112,6,0.042902429426168176,-0.08391495580463593
1693274782558986752,6,0.9280523662440574,-0.8783491850109884
1693274782667309312,6,-0.04203617800327342,-0.19676549097487905
1693274782775661312,6,0.3721949921244654,-0.01946229171154945
1693274782884244992,6,0.8194016582304586,-0.853018568467099
1693274782992454144,6,-0.8384190451784161,0.21659484726687994
1693274783100942336,6,-0.8686355333597722,-0.4499680008840936
1693274783217319424,6,0.26615344860203094,0.09671286809672108
1693274783325825280,6,-0.3496291133626641,0.9892555117218471
1693274783434014720,6,0.06111367486264907,-0.09256916484905675
1693274783542498304,6,0.21085358307062574,-0.801643076641916
1693274783650698496,6,0.40355883709213236,0.7055854745911501
1693274783759026432,6,0.3018333297626108,0.5379254602094772
1693274783867430400,6,0.44167983331519833,-0.5699538673450062
1693274783975702528,6,-0.09689016806943695,-0.5430128512708312
1693274784092336896,6,-0.3221367623296496,-0.09300219418510536
1693274784200655616,6,-0.16802069947700948,-0.8098283214487383
1693274784309016576,6,-0.146471987478084,0.3302157261206178
1693274784417367808,6,-0.2513979531289263,-0.6947221504625525
1693274784525754368,6,0.8459700714687688,-0.8657333837267045
1693274784634059008,6,0.663543776949709,-0.8135397965926452
1693274784742656000,6,-0.8068711348684288,0.4775919969774314
1693274784859052032,6,0.6235385705547847,0.11274147123070022
1693274784967378432,6,0.1729301654789539,0.12317282798414486
1693274785075709696,6,-0.3407080371675899,-0.7555374292908814
1693274785184041984,6,-0.2928038407324647,0.3306810400058309
1693274785292357632,6,0.5005685005029565,0.7361842977381299
1693274785400804096,6,0.44212135749229886,0.9367972506229489
1693274785517389312,6,0.20082018244935407,-0.29670762861370203
1693274785617378304,6,0.15583703677970973,-0.5745223886559878
1693274785734083840,6,0.3134726059763042,-0.5515102617848688
1693274785842376192,6,-0.7835632361454667,0.6907468372026901
1693274785950771712,6,-0.2648778987692997,0.5252112638736994
1693274786059057664,6,0.14820000866292538,0.6144427423046888
1693274786167388416,6,0.6903103226567162,0.9490932042514164
1693274786275734272,6,0.6368537190813393,0.22714656107092956
1693274786384266496,6,0.2853983276596628,-0.9474923370928332
1693274786492434688,6,0.8581685819898728,0.658921579919326
1693274786600765440,6,-0.4651045496917787,-0.6391678560782912
1693274786717411840,6,0.40539754573120934,-0.3820306223401797
1693274786817481984,6,-0.32035068644548326,-0.9877884211926826
1693274786934095616,6,0.7397254130728763,0.13264218952275253
1693274787042462208,6,-0.19843131200096886,-0.7162506916974627
1693274787150769152,6,0.26634402531102763,-0.9386858032381882
1693274787259113216,6,0.49222352401141345,-0.5697342399329781
1693274787367475968,6,-0.1603350124709937,-0.31820803646133444
1693274787475852032,6,-0.2598938150459922,0.4431919354853464
1693274787584127744,6,0.553671239933482,0.1351871132287945
1693274787692453888,6,-0.8300859200456414,-0.8947823471489564
1693274787801038848,6,-0.6851802057856937,0.23567636385206114
1693274787917469696,6,0.34793742122622606,-0.4557943129075621
1693274788025920000,6,0.32387738561652246,-0.028676590218007503
1693274788134133504,6,-0.11591162660444176,-0.4536663112704611
1693274788242636288,6,0.5098862873367414,-0.7723649837795965
1693274788350873600,6,-0.1401727332042193,-0.4335070598391013
1693274788459153664,6,0.35697250952026605,-0.02673449327149835
1693274788575807488,6,0.33426511747269916,-0.909165274791145
1693274788684188160,6,-0.2094732078247421,0.19864991388890085
1693274788792557312,6,-0.9846258282002343,-0.39716127596312645
1693274788900847872,6,-0.5775320415593754,-0.725530389485346
1693274789009146112,6,-0.4889609919570814,-0.34375528812431777
1693274789117752320,6,-0.9845401868613761,0.4940282468595356
1693274789225862656,6,-0.6486103962483154,-0.23958510856952753
1693274789334132992,6,0.40734252676532723,0.000524693112426311
1693274789442817024,6,0.6667084048397565,0.6124003731335277
1693274789550934784,6,-0.8558490068156843,0.7235287240451771
1693274789667524096,6,-0.9153954768744172,-0.9625169268287086
1693274789775826688,6,0.8423248690048248,0.7242200272241328
1693274789884187648,6,0.15151832147366218,0.14679936177168607
1693274789992505600,6,0.41899792313786843,-0.16461208031303887
1693274790100872704,6,-0.7696532546724035,-0.9582868819505024
1693274790209204992,6,-0.3504636411089723,0.6026443086209043
1693274790317502976,6,0.23625052660848045,0.6640518261434143
1693274790425922560,6,0.8395395034827693,-0.8237402374042306
1693274790534223104,6,0.6889687196293939,-0.5133670503545327
1693274790650889984,6,0.17774257660582382,0.04792508600126322
1693274790759136000,6,-0.20846660628133407,-0.37945087632827734
1693274790867557632,6,-0.3209734377030722,-0.3338627550137361
1693274790975931904,6,-0.6637345839086268,0.020966569084296616
1693274791084238080,6,-0.7719467203228949,0.019904124645943932
1693274791192570880,6,0.8118454631601009,-0.3012494690552394
1693274791300956928,6,0.4547582113478086,0.6378972030497039
1693274791409242368,6,0.6300740115000283,-0.5274623021065514
1693274791517581056,6,-0.7071115634446112,-0.6054563943520335
1693274791625851904,6,0.20479797054633164,0.5204305910937841
1693274791734503680,6,0.3110180210374782,-0.6457077421055417
1693274791842803200,6,0.5456961784951204,-0.011765949965222733
1693274791950945280,6,0.5088916504939716,0.5197542992154969
1693274792059248896,6,-0.10218948600987399,0.8483085167713187
1693274792167562496,6,0.12898356680559853,0.27059663812118684
1693274792284235520,6,0.2490435588837896,0.7284937496628323
1693274792392568320,6,0.2544348137995436,-0.6980851972138462
1693274792500953600,6,-0.8634274830084878,-0.11558387232743028
1693274792609306880,6,-0.3943591297219742,-0.45065266502768164
1693274792717562112,6,-0.8876557595738439,0.014673770579556322
1693274792825993216,6,-0.37918429878737814,-0.09617227259863559
1693274792934255360,6,-0.8862198983320952,0.6633932633262429
1693274793042679040,6,-0.84653799765309,0.7285000678504783
1693274793150998272,6,0.7105867429121806,0.23001677683114718
1693274793267639040,6,0.014135634667910235,-0.07457668214545543
1693274793376154880,6,0.10863274267660783,0.583635594530717
1693274793484252928,6,0.7917535311136052,-0.10053259269818748
1693274793592765952,6,0.6196318353959422,0.30367490929721974
1693274793700922368,6,-0.3569464742391433,-0.04874194411386101
1693274793809402112,6,-0.6982778466087229,-0.8762525997977986
1693274793917768960,6,-0.7929962454592168,0.7982536679115471
1693274794026035456,6,-0.31312444832346475,0.4286310983349253
1693274794134290176,6,0.009098003001914767,-0.6548821771272701
1693274794243048704,6,-0.5045125528034315,-0.12448345138153405
1693274794351002624,6,-0.1211564164747514,0.04549607053109117
1693274794467651072,6,-0.6825075840369172,-0.25429603579734583
1693274794576035840,6,-0.43421284277116423,-0.18246120550535938
1693274794684419072,6,-0.3232657063171609,0.19577172476597893
1693274794792655360,6,0.5784538631273295,0.2946107139386138
1693274794900992000,6,-0.8681762914405651,-0.8109881049698113
1693274795009707520,6,0.356758689680162,-0.43170605224377256
1693274795117708800,6,0.44746731000492357,0.31312817282095584
1693274795226499328,6,0.8126853943273544,0.7465593241210777
1693274795334373120,6,-0.3332759278788868,0.1654790291728392
1693274795442857728,6,-0.7171432388313643,-0.30035842492831155
1693274795559382272,6,0.9353930153854892,0.3969599256237619
1693274795667707904,6,-0.21608403132927934,0.19008245630314957
1693274795776159744,6,0.8760043991315216,-0.38083622516807814
1693274795884352512,6,-0.24664138788739964,0.5833239157270871
1693274795992653824,6,0.6263695676296019,0.340232799989445
1693274796101054720,6,0.657917945788929,0.47754934425896556
1693274796209364480,6,0.3708288805551525,0.05278667946834803
1693274796317702656,6,0.29204964146697576,-0.15318726735579258
1693274796426131968,6,-0.2763438073064308,-0.27480466203591125
1693274796534443008,6,-0.6394741542463107,-0.5716146775821993
1693274796642734592,6,0.8953365350686937,-0.02745815825454545
1693274796751147776,6,-0.5469139069322255,-0.7248692936458414
1693274796859491840,6,-0.8456698313982474,0.6888567773717666
1693274796967720192,6,-0.7977184726642117,0.541749440726202
1693274797076039424,6,0.670239653269112,0.7673643309851232
1693274797184373504,6,-0.9245050152848775,-0.3264712560714369
1693274797292758784,6,0.5326152088944831,-0.737901917140984
1693274797401113344,6,-0.24656025835495066,-0.675505575823099
1693274797509416960,6,0.662690113378251,0.5421956274619768
1693274797617804288,6,0.6180874392786022,-0.6689216685118826
1693274797734411520,6,-0.12465318972330652,-0.17828277700693307
1693274797842934016,6,0.3527258443770658,-0.5249395971061499
1693274797951162112,6,-0.1116025803894487,-0.4301441348732835
1693274798059468544,6,0.4970730361908726,-0.10214407393331926
1693274798167865600,6,0.06802229939652227,-0.3810642068744208
1693274798276157696,6,0.6172477421815727,-0.061968789935494595
1693274798384468736,6,0.6702267854514148,-0.26431808354993436
1693274798492783872,6,0.8942603404882459,0.9688795870631546
1693274798601333504,6,-0.07664004311802164,-0.43645653459244915
1693274798709424384,6,-0.23625513161857903,0.05491957692296534
1693274798817782272,6,0.9325363064118946,0.6337824791624802
1693274798926186496,6,0.6025184483030952,-0.7232029307931376
1693274799042823168,6,-0.49999357682198586,0.2823580724088943
1693274799142802944,6,0.748233890104474,0.10908149084886243
1693274799259486208,6,-0.7948205365031813,0.691784553466877
1693274799367782912,6,0.7023320961695576,-0.42987397188134313
1693274799476164096,6,0.5262336605833817,-0.45441740081728677
1693274799584446208,6,0.8106124179564824,-0.7053026880167914
1693274799692817408,6,-0.12505487961003836,0.8928265260235213
1693274799801148416,6,-0.5559239861860388,-0.09774401955858214
1693274799909693184,6,-0.30082984372270216,-0.9466596183941229
1693274800018021376,6,-0.8934862256578511,0.004014229386470891
1693274800126205696,6,-0.5284438522731347,0.9890507024765824
1693274800234454784,6,-0.25017465316446486,-0.9436249089436999
1693274800342865152,6,0.8616518094999062,0.6783525752232114
1693274800459699712,6,0.29992136858836327,0.582761274964352
1693274800567844352,6,-0.7248008245482567,-0.42624120537346366
1693274800676273152,6,0.6595231663056451,0.39214397715196725
1693274800784484096,6,-0.7224146163636276,0.41107235057816083
1693274800892901120,6,-0.10279705203550682,-0.9894976033887641
1693274801001274112,6,-0.8415484574585574,-0.4881521431259106
1693274801109559552,6,0.669926198564762,0.09760849088767087
1693274801217885952,6,0.4544695706498636,0.05554301177344856
1693274801326273280,6,-0.7776262793515232,-0.42379684392153893
1693274801434798336,6,-0.39769761082756006,-0.9045011067622974
1693274801543077120,6,-0.1603489124931139,0.5877982172788763
1693274801659653888,6,-0.08577276672710266,-0.77828420941997
1693274801767774464,6,0.810293771323997,0.19347808563789393
1693274801876255744,6,-0.9671292955882111,0.03075146041881216
1693274801984563456,6,-0.5161237311580134,-0.7128463195074799
1693274802084552704,6,-0.14152221379333252,0.22961916555190132
1693274802201135616,6,-0.5188715223869129,-0.16686480958292038
1693274802309600768,6,0.3287426034840182,-0.8287720900254765
1693274802417910784,6,0.9493089819044433,-0.8646413541823079
1693274802526180096,6,0.052118890644341054,0.014655393159573205
1693274802634558208,6,0.9766629711929349,0.10830390483639096
1693274802742962176,6,-0.2190925348798718,-0.05972984368302803
1693274802851237632,6,0.2713415829372601,0.9620788451031206
1693274802959621120,6,-0.49269947786157453,-0.9675155377821048
1693274803067953664,6,0.5770400325590306,-0.3103950136732174
1693274803184556288,6,0.4658820429012833,0.25651392495131287
1693274803293133568,6,0.5430027482197182,0.4703739696246225
1693274803401184512,6,-0.33496278325603024,-0.9113286234095836
1693274803509731840,6,0.09202749041538305,0.6270177311121763
1693274803617878784,6,-0.6498217458965831,0.558285186956563
1693274803726372608,6,-0.07075420050592451,0.3907785039921279
1693274803834658304,6,0.2634716955166756,0.6229953636952128
1693274803951283200,6,-0.8737989259355508,0.5523807994068435
1693274804059855616,6,-0.08464084510529357,-0.4131148576499375
1693274804167929344,6,-0.9123874486817538,-0.6010603325696233
1693274804276381952,6,-0.916188116139236,0.8667419599007946
1693274804384640512,6,0.030767178508997572,0.9782454045922468
1693274804493059072,6,0.08606139530837176,-0.4933724695947652
1693274804601291776,6,0.5065818376377298,-0.6177931385321782
1693274804709732608,6,-0.2860516479292732,0.56168313395685
1693274804817943040,6,0.7315965541561151,-0.33615062723731093
1693274804926767872,6,-0.7510499835112332,-0.26396165137065397
1693274805043047424,6,0.7789730340245629,0.48661541103924244
1693274805151314432,6,0.7892749899101066,-0.22671046347861568
1693274805259699712,6,0.9474471686306181,-0.007593546925954708
1693274805368046080,6,-0.004953215012745371,0.8486209332539272
1693274805484656384,6,0.03855170706988398,0.6022961748035476
1693274805593070592,6,0.45416264868527145,-0.8421459878890643
1693274805693135104,6,0.2049065976604545,0.6446825590797733
1693274805801319936,6,0.09094879468927397,-0.35757714357081194
1693274805917987072,6,-0.8398621778500095,0.3218384429162733
1693274806026439680,6,-0.38700828781849506,0.2052432554611996
1693274806134842880,6,-0.14776785423390915,0.37952961689097253
1693274806243013376,6,-0.29690603245601577,-0.915289674299741
1693274806351298816,6,0.7400743501127842,-0.2948813793830354
1693274806459811584,6,0.9963011955460981,-0.4508892798502848
1693274806559852032,6,0.9600545583885582,0.8958087572061726
1693274806676514304,6,-0.8499176700236815,0.2750250757665966
1693274806784758784,6,-0.2733777386980354,0.6021919511243399
1693274806893180672,6,0.35882121562937974,0.9055787925592156
1693274807001531136,6,-0.7144410632749005,0.21514580664171068
1693274807109842176,6,0.562623939486933,-0.930402068402916
1693274807218289408,6,-0.8655332738757824,0.5570307470137308
1693274807326427904,6,-0.2673430537857029,-0.23429119662244458
1693274807434746624,6,0.13448928344823896,0.210189657709571
1693274807543102464,6,0.3581241138267899,0.8976470585311129
1693274807651378944,6,-0.25597324305863256,0.526168943597159
1693274807759839232,6,0.14784355666779136,0.05891976307257929
1693274807868135680,6,-0.2039319080951001,0.2991214734120631
1693274807976580096,6,-0.5007766938132041,-0.7731027748299639
1693274808084747776,6,0.47134971895885536,-0.0019120794870663982
1693274808201352192,6,-0.22602523992147305,0.12334542151929417
1693274808309914368,6,-0.47644664682500837,-0.47942045772019326
1693274808418039296,6,-0.10745377518876764,0.9927302243095215
1693274808526775040,6,-0.42884624460368403,0.8329578190837628
1693274808634802688,6,-0.017599609491551815,-0.7547251561920583
1693274808743195904,6,0.7056525807686453,-0.09591462950920526
1693274808851476480,6,0.7973580615724607,-0.10977761451508994
1693274808959846912,6,-0.8244185177905379,0.3638585205012743
1693274809068195328,6,0.6910424379493989,-0.36082445580005973
1693274809176505344,6,-0.3051494105228709,-0.8701218433678577
1693274809284750592,6,0.08434272245112462,0.7826633647077779
1693274809393154304,6,0.7027241015062518,0.4236182080144253
1693274809501419264,6,0.8546489134463555,0.2754000451280325
1693274809609876480,6,0.5873927676900055,0.017511490348601555
1693274809718503936,6,-0.7572750898430862,-0.5980392576446285
1693274809826995200,6,-0.7222462559232685,0.5807461216154983
1693274809943273984,6,-0.9474319463834686,0.10804287451919015
1693274810051534592,6,-0.26217766899755857,0.6073234525771729
1693274810159977728,6,0.10329386785285499,0.22389672524104176
1693274810268147712,6,-0.8275690366961346,-0.3814185649430757
1693274810376625408,6,0.9991900878687738,0.437739319781439
1693274810484819200,6,0.05139130966060024,0.538329100749396
1693274810593545984,6,0.6466787990167813,-0.852498574177522
1693274810701509632,6,0.9447594630275318,0.28467717877276266
1693274810810036992,6,-0.10005100867400785,0.36021798129916194
1693274810926665216,6,-0.3109704385946006,0.7559203033008235
1693274811026643712,6,0.5605258576766168,0.27958785873332603
1693274811134875136,6,-0.6360737268957253,0.9325292278682136
1693274811251614976,6,-0.13476342703605027,0.8214245418937747
1693274811360090112,6,-0.8891742999644459,-0.7516777587219756
1693274811468217344,6,-0.6939690663795988,-0.6706858402197517
1693274811576890624,6,-0.35467849769088877,0.41866426505849175
1693274811676645376,6,-0.30795383531625387,0.8818081098630695
1693274811785227776,6,0.7898518336422489,0.6918674123117312
1693274811901525504,6,-0.49878938203600187,0.2701141827754918
1693274812010136320,6,0.10168283096627939,-0.7496594097461946
1693274812118164992,6,-0.39435078778224786,0.06695605953676109
1693274812226811904,6,0.005146289482525379,-0.6627281965045864
1693274812334827776,6,0.8832139757371917,-0.6916114662408737
1693274812443397376,6,0.3174657467675086,0.44126553687454595
1693274812551611136,6,0.21027781572371085,0.6850600082267779
1693274812660418816,6,0.12723606886259153,0.650472534653264
1693274812768255488,6,-0.9432530242022448,-0.909076393417316
1693274812877095424,6,0.2829074676487202,0.15354246295475815
1693274812993390592,6,0.30225995497119973,0.5339180018326222
1693274813101591552,6,-0.1668264326735076,0.2779823844177409
1693274813210014976,6,-0.003923879727767865,0.25432802059616866
1693274813318287872,6,-0.42065668639678844,0.91330033990881
1693274813426712832,6,-0.03411036364916109,0.6093763084314661
1693274813535163136,6,0.3699816823913533,-0.4051322571405154
1693274813643301888,6,-0.8540539489893084,-0.880173934130662
1693274813751659520,6,-0.12078900015917804,-0.03149773978528159
1693274813860311808,6,-0.5919539728732026,0.21332052564127268
1693274813968292864,6,-0.3748350015061339,0.436725770224875
1693274814076966144,6,0.4683995096090936,0.7215547315086506
1693274814193328640,6,0.9507482558297604,-0.7384676968952271
1693274814301547776,6,-0.2589196038994175,0.12330243149673836
1693274814410085888,6,-0.3617682271936855,-0.06705486591872711
1693274814518332160,6,-0.4650566510916352,-0.5041622349489088
1693274814626695168,6,-0.8063766948788571,-0.41957599006019697
1693274814734901504,6,-0.23170033299678794,0.23075488832793734
1693274814843481600,6,-0.5034594392376268,0.7306150034414354
1693274814951654656,6,-0.6806006757396781,-0.34512835839761014
1693274815060076800,6,0.15537407578719287,-0.3745701582754539
1693274815168345088,6,0.5262427502772571,-0.0034689158801823883
1693274815276715264,6,0.029449678462968976,-0.0024805832046916887
1693274815384944640,6,-0.3829190358911414,-0.9536474035672979
1693274815493368064,6,0.8904656081384745,0.010888926047543102
1693274815601720320,6,0.9333732611049508,-0.5697111549475178
1693274815710402560,6,-0.2942098222872893,-0.8989191907442162
1693274815818337792,6,-0.010211592949647352,0.7646789527364022
1693274815927146496,6,0.3085200737792342,-0.05882629326360855
1693274816035019776,6,0.07338149857785403,0.6943447307869357
1693274816151906048,6,-0.13814446130491898,0.7649114618371857
1693274816260111616,6,0.4550161267187838,0.5277135283239791
1693274816368281856,6,-0.26812529496487403,-0.19883675797048683
1693274816468609792,6,0.14056328776205862,-0.6106893962245619
1693274816577050368,6,0.10644585324230338,-0.8529365005143164
1693274816684984064,6,0.008511058246409409,0.5288082294144791
1693274816793690368,6,-0.440558644752036,0.9781814012414451
1693274816901672960,6,0.3607972802377215,-0.7623779605528209
1693274817010274816,6,0.9501656308275681,-0.21219257454278573
1693274817118496000,6,0.5897944567618916,-0.3218294000948694
1693274817226859776,6,0.8778971339107509,0.5099303445855878
1693274817343561472,6,-0.6018842368951001,0.01824503245036424
1693274817451774720,6,0.00015580714128771156,-0.9093932950658505
1693274817560150528,6,-0.7259272528649592,-0.3339185892944656
1693274817668430080,6,-0.052511699209619955,-0.08602288143425207
1693274817776756736,6,0.21252104480760825,0.03101146429450785
1693274817884980224,6,-0.3440683047269475,0.226136242129356
1693274817993460224,6,-0.6749959082461212,0.9812314751222802
1693274818101659904,6,0.4786387211472083,-0.40153131494336347
1693274818210113024,6,-0.3272530956966433,0.6565787719147518
1693274818318350848,8,0.06467965975175272,0.41747961287087576
1693274818426910208,8,-0.40041887052517255,0.6314976664876484
1693274818535101952,8,-0.2632843802684608,0.3476127849460331
1693274818643574784,8,0.9597960623583237,0.16740428369757265
1693274818751747072,8,0.5935096278602943,0.4506484251037106
1693274818860365312,8,0.37608730240554333,-0.9467056900723336
1693274818968434944,8,-0.05081957182987895,0.9341413923441018
1693274819076944896,8,0.5658079828628428,0.5523240503441442
1693274819193548288,8,0.15526879172836572,0.4428002245926135
1693274819301732096,8,0.1670465540952799,-0.6589758765066813
1693274819410242304,8,0.25805048229072725,0.23947161100217884
1693274819518483712,8,0.6823342499165286,-0.7044485833993364
1693274819626913280,8,0.3614537901013577,-0.9368589733158013
1693274819735111424,8,0.8964103415686027,-0.7802089573326063
1693274819843673856,8,-0.9621252649867749,-0.3726150331082896
1693274819960479744,8,-0.6971374837613091,0.3810005218370509
1693274820068454656,8,-0.1792451813545899,0.549944603614182
1693274820176937984,8,0.8410418997944213,0.7456354178246407
1693274820285174272,8,0.47167454253736274,-0.8754374279711361
1693274820393656320,8,-0.7238350284295796,-0.5853165900575106
1693274820501764096,8,-0.34990093114789045,0.3244535994286981
1693274820610309120,8,0.05095430280007074,-0.37249480252436573
1693274820718805504,8,-0.6536351522853445,0.8242483218480208
1693274820827094016,8,-0.3153459646363077,-0.29142602271037443
1693274820935479552,8,0.5439795682974815,0.4418491226545853
1693274821043823104,8,0.286618199998923,0.38662662005964177
1693274821152165888,8,0.22015316015750308,-0.6154716617265732
1693274821260497920,8,-0.5069617289452792,0.11617330161480832
1693274821377125120,8,-0.5502659240143666,0.945821255181138
1693274821485133312,8,-0.40477086944618423,-0.42199172519295014
1693274821593854208,8,-0.5854444102907195,0.4099765194803935
1693274821702073344,8,-0.36591850996310393,-0.30239365159738685
1693274821810357760,8,0.8674007495416012,0.5908107120046671
1693274821918515200,8,-0.4530849264891539,-0.7562517885345699
1693274822026935040,8,0.3532444915650914,-0.24061162925123503
1693274822135214592,8,0.9603210746427244,0.6367549202611247
1693274822243607040,8,0.9092177267829227,0.6092316679131407
1693274822360321536,8,-0.41909469601412885,-0.42473931677172017
1693274822468520192,8,0.4282825749967907,-0.307272971808767
1693274822576994816,8,-0.11524777627032923,-0.48711204905303584
1693274822685181952,8,-0.04184147396703364,-0.595863985598807
1693274822789836032,8,0.07715584741730552,0.8660478675666154
1693274822898116608,8,0.3923426012936453,-0.7254540903981541
1693274823006884096,8,0.23135406882898457,0.1736609971416303
1693274823123132160,8,-0.5150839231794264,0.33966792978620797
1693274823231502592,8,0.062082979465598376,0.2758891468172753
1693274823331607552,8,-0.8950177863210744,-0.17339726790348275
1693274823440004864,8,0.43471611250048725,-0.7989101904453042
1693274823556465408,8,0.5415321161965583,-0.9896371071857399
1693274823664911616,8,0.10070513155923333,0.8581993603399556
1693274823773176576,8,-0.18618509690623308,0.8700641971923031
1693274823881480192,8,0.7567992430284565,-0.04510295911820705
1693274823989880832,8,-0.6010880506647966,0.9278280777818715
1693274824098213120,8,-0.35766459576166665,0.2917958357805397
1693274824206416384,8,0.8158739174712448,-0.8210785589769674
1693274824314911488,8,0.14826670635074657,0.07030455378720935
1693274824423108096,8,0.4462353564848467,0.8733387595012521
1693274824531490816,8,0.826459451339705,-0.6498704490380738
1693274824639986688,8,0.7644899463296664,-0.6484225849222749
1693274824756499456,8,0.839269623701868,0.9943436061770199
1693274824864828928,8,-0.2060108514434007,-0.009232205356484391
1693274824973244160,8,0.8732174895555256,0.9242627601666848
1693274825081606400,8,0.852079395792886,0.7534863358358468
1693274825189923584,8,-0.9814656630398004,0.13592373732899077
1693274825298710016,8,-0.785398618452924,0.9659877767420129
1693274825406615808,8,-0.43087669529990746,0.9781989401774467
1693274825523392256,8,0.08660096711394982,-0.012175159316361706
1693274825623457536,8,0.8771210034817447,0.7021194771559933
1693274825731727872,8,-0.06395846198741983,-0.6143772034523804
1693274825848315392,8,-0.774706477959691,-0.6750114749205227
1693274825948321536,8,-0.08217105793527768,-0.4854702395409618
1693274826064897536,8,-0.6276018617438646,0.47323579098451396
1693274826164873472,8,0.5815353288505114,0.13556244484187863
1693274826273155072,8,0.5145655005151224,-0.6490101723230706
1693274826381579264,8,0.7122930085469155,0.7940855235679503
1693274826498320896,8,0.6539796505526192,0.030561317919591824
1693274826606699776,8,-0.8265244603032882,0.3385117068199084
1693274826714861568,8,-0.6304375979053201,-0.7187762487314031
1693274826823211520,8,-0.35279665982983444,-0.50390583266571
1693274826931609856,8,-0.4784294458691123,-0.5289574943969322
1693274827039927040,8,0.507513303562914,0.9080696453098251
1693274827148457984,8,-0.3961083206167706,0.44576505680199485
1693274827256731648,8,-0.977128531611664,0.3073667341403974
1693274827373223424,8,0.3855371808454777,-0.8757513363989278
1693274827481587968,8,-0.7635503043920548,-0.38638731599276044
1693274827590280960,8,-0.18916677406320548,0.00504094247677922
1693274827698253824,8,0.7902367396325083,0.40711407020451196
1693274827806608384,8,-0.3780441032306794,-0.7651685083104474
1693274827915013632,8,0.8322607717012707,-0.4099247996875064
1693274828023459840,8,0.229250896287698,-0.5617427981293122
1693274828131623424,8,-0.7328624356063917,-0.6936288706216416
1693274828240076032,8,0.49546967430171307,0.21147789617813872
1693274828348491520,8,-0.16830876913755066,0.09846901763672955
1693274828456725248,8,-0.058343846241377006,0.0750353753864017
1693274828573266688,8,0.32818887867932767,-0.5631767546853481
1693274828681625344,8,-0.5050691413828445,0.5094790994497307
1693274828790020352,8,0.7462701169754666,-0.8362593870534503
1693274828898412288,8,-0.10650404500703337,0.4075322503117451
1693274829006676224,8,-0.8437945557051196,0.12833744454694962
1693274829115064064,8,-0.8764839048866324,0.09529849742186292
1693274829223352064,8,0.01097411218519162,0.14540334845572933
1693274829331793920,8,-0.7002952372351714,-0.34376472451558704
1693274829440415232,8,0.040683082369574075,-0.7675199556306715
1693274829548308224,8,-0.5891970289212769,0.16629535688203512
1693274829665210624,8,-0.8181167110966243,0.020750708065669032
1693274829773312768,8,0.6173841663544744,-0.09313539964043605
1693274829881783040,8,0.026495686403283036,-0.08640304857624792
1693274829989964800,8,-0.8845264381349505,-0.07524338852215262
1693274830098415616,8,0.613830705108785,0.4465601596500046
1693274830206660864,8,-0.20810258009348503,0.632906451866261
1693274830314939904,8,0.4916089656636313,0.1566225301180708
1693274830423360000,8,-0.9094203945443424,-0.3109422668757309
1693274830531713280,8,-0.8724801757758336,0.9882473209538403
1693274830640055296,8,0.8691655977698929,-0.8619617076793724
1693274830748386048,8,0.8675511251698613,-0.9365302579538419
1693274830856688128,8,-0.18226612836150347,0.5379441251669654
1693274830965236992,8,0.5316553658474235,0.956666569848202
1693274831081697280,8,0.29176163619432693,-0.15927612223534426
1693274831189984512,8,0.9857131971617579,-0.2350407622972559
1693274831290015744,8,0.7392405706214169,0.8135346230491451
1693274831398535424,8,-0.24870893239602476,0.36546070820308274
1693274831515054336,8,0.32358507625093624,0.07860052783772042
1693274831623369216,8,0.30706819683740405,-0.3044602257216995
1693274831731775744,8,-0.6430527419917766,0.07451697279600245
1693274831840046080,8,0.057685079088018565,0.4557162818122562
1693274831948637696,8,-0.554619568067467,-0.9930534101101844
1693274832056814080,8,-0.9545293453560668,-0.40327402259403633
1693274832165299456,8,0.34699971555313414,0.08889067805004158
1693274832281747712,8,0.0638672169935175,0.6467208747515687
1693274832381858816,8,-0.5049759229924489,-0.3076805300247465
1693274832490131200,8,-0.4487005444097454,0.8748207222701336
1693274832607112704,8,0.4500478918178368,-0.7743107224670454
1693274832715014400,8,0.6189563670783889,-0.1615188030164958
1693274832823487232,8,0.5321069350278067,0.767513243690749
1693274832931783168,8,-0.9687084072729009,-0.5878367562995717
1693274833040054528,8,-0.7982065738149859,-0.9328474484914384
1693274833148556032,8,0.19556979346310532,0.40657253372985735
1693274833256843264,8,-0.9026473575125018,0.48108215695972323
1693274833373364480,8,-0.19546929837818738,-0.5313214430248767
1693274833473557504,8,-0.5654615796448932,0.7274604853401128
1693274833581783552,8,-0.8871119299510781,0.007791697881869064
1693274833698375168,8,-0.4214730972921623,0.6315725135266337
1693274833807147776,8,0.46303496623203655,-0.36219260726161595
1693274833915311104,8,0.19583534855452478,0.3450638028738273
1693274834023704576,8,-0.3586697692140337,-0.3964711297115935
1693274834131932160,8,-0.7134791316733426,0.3204248476214864
1693274834240401664,8,-0.5579145191079349,-0.3989980924851608
1693274834348518400,8,-0.8780847257864757,0.8970405100534427
1693274834457021696,8,0.7594277819277659,0.8231553312410889
1693274834565274880,8,0.25198627529665996,-0.145598835410913
1693274834673675008,8,-0.008758425013958071,0.9445804706873717
1693274834781960192,8,0.8831728196638235,0.3426850494914446
1693274834890363904,8,0.571609191961036,-0.36253108536737555
1693274834998968320,8,-0.1673507331571107,-0.7015647843496726
1693274835106992896,8,-0.24707962298573594,0.5088321944762506
1693274835215242752,8,-0.052962359175560136,0.698681864520081
1693274835323929344,8,-0.3985271624097044,0.4151535949759444
1693274835431861248,8,0.6115523198697739,0.829482347631811
1693274835540341504,8,0.12477189917381826,0.9355723770932534
1693274835657239296,8,0.11457351639854618,-0.7318144978818439
1693274835765201152,8,-0.5142829678208285,-0.5933265338798912
1693274835873706240,8,0.2934117030958894,0.8444522090224447
1693274835981916928,8,0.6942667718392237,-0.8150720069462727
1693274836090493696,8,0.4491694246144038,-0.6190367631385234
1693274836200187136,8,-0.4630768242900376,0.34734384126915696
1693274836308455680,8,0.20584408997815173,0.7472409169790792
1693274836416828672,8,-0.6236734121344893,0.5233928350744199
1693274836525210624,8,0.44861047970429824,0.11770095254505453
1693274836633608704,8,-0.04121158705817041,0.7389477030490759
1693274836741840384,8,-0.33407137836235745,0.9140395210533463
1693274836850426624,8,-0.9693325875430143,0.8743195264044954
1693274836958475520,8,0.924155112228918,-0.765367601113331
1693274837066782976,8,0.9991440140356234,-0.042158247315268405
1693274837175263488,8,-0.514813636308517,0.20880306815756233
1693274837283859712,8,-0.5909737140442126,0.8302529191871129
1693274837391799296,8,0.10415858509562903,0.5510277641275405
1693274837508670720,8,-0.2386765112541549,0.06730025483252611
1693274837608563968,7,-0.2814808888968485,-0.4768767452292948
1693274837716882176,7,0.025633080047547052,-0.005445413798033316
1693274837833526272,7,-0.8027835368690399,0.9626369136931534
1693274837934033920,7,-0.061019155954883164,0.6794623631273697
1693274838050210560,7,0.8286609977949781,-0.2585901571374831
1693274838158622976,7,-0.17213965884275084,0.12504945492870867
1693274838266969344,7,-0.5574518033675495,-0.7081545737949029
1693274838375298048,7,-0.47845178018046086,0.869516500592707
1693274838483546880,7,0.15828585207480095,-0.16484385288965275
1693274838591899904,7,-0.6951771796317134,-0.3402694280442802
1693274838700259328,7,-0.24032045051769169,0.6667254305739703
1693274838808606208,7,-0.0013970352613550396,0.3092159322420438
1693274838916942080,7,0.3696932246918123,-0.48534648473023445
1693274839025253120,7,0.6431838793847127,0.9330165345006873
1693274839141858816,7,0.2833889087974144,-0.018808834838435207
1693274839250218752,7,-0.663532708096918,0.5899510287072682
1693274839358668800,7,-0.6614685782796366,0.4406270615241874
1693274839466934784,7,-0.02336735749173524,0.8337987793887336
1693274839575379200,7,0.08427371070271028,0.28361892636473307
1693274839683796736,7,-0.8825358968385397,-0.9323524856706189
1693274839792088320,7,0.6933947663654447,0.8903762224017964
1693274839900216320,7,0.3364310867863056,0.5286776871440384
1693274840008691712,7,-0.1752155551688146,0.685089433650697
1693274840117113344,7,-0.537133215845109,0.4143391274069197
1693274840225346816,7,-0.9817170766186765,0.011465839386130217
1693274840333571584,7,-0.25359861462637623,0.235670471753606
1693274840442325504,7,0.3335094591066794,0.23303872216867583
1693274840550332928,7,-0.03359169275634977,-0.02429123199385752
1693274840650301952,7,-0.9867752860156822,0.10328712182251376
1693274840758670592,7,-0.9762980637442151,0.058835293683301204
1693274840866945536,7,-0.45051852560433603,0.9549586964650234
1693274840983663360,7,-0.9657148047951456,0.6263144418278197
1693274841092044288,7,0.34806590423842065,0.6123353978948578
1693274841200701184,7,0.8195467319975323,-0.7859671426110142
1693274841308966656,7,-0.8073722194971831,-0.702205028519499
1693274841417273600,7,-0.6161358860167736,0.05291197080043242
1693274841525481216,7,0.6304287814265652,-0.4653505266467284
1693274841633634048,7,-0.2062071550038571,-0.25389683307263566
1693274841741980416,7,-0.18794518025222806,0.13000436489593814
1693274841850398208,7,0.9804660632794546,-0.5482854947451556
1693274841966971392,7,0.368083250940771,0.6957342040630714
1693274842075564288,7,0.3074714391183062,0.7164383180423743
1693274842183726592,7,0.5191717003536895,-0.8129989891457812
1693274842292095488,7,-0.24147195552036815,0.10540287905939061
1693274842400332800,7,-0.8877701217420686,-0.9810996546917388
1693274842508885248,7,-0.6572328495579047,-0.00028321377441598017
1693274842617089792,7,-0.13218069605667537,0.5687526215802223
1693274842733606400,7,0.13171325590206995,0.7159206267273388
1693274842842022656,7,-0.8092763290585399,0.056318371283295976
1693274842950519808,7,-0.9148964847659098,-0.5771658882309056
1693274843058784000,7,0.7362337811632111,0.7751086140689871
1693274843167170816,7,-0.0489994247094534,-0.9068760585165134
1693274843283683328,7,-0.8513038801486978,0.8511696201618464
1693274843392077056,7,0.7986233017300173,0.12701972809596707
1693274843500366592,7,-0.9341964396930562,0.8575327225093186
1693274843608617984,7,-0.3710306135466981,0.9229383797520117
1693274843717120768,7,0.17407220816897673,0.5045089396937301
1693274843825379328,7,0.42542279989871945,-0.20340795920975596
1693274843925407232,7,-0.8461250171173083,-0.6750994985705883
1693274844042061568,7,-0.5190556113914264,0.669301120183504
