rover_timestamp,sat_timestamp,x_offset_ratio,y_offset_ratio
1693502010783979520,8,0.6518093144434032,0.7466953161229362
1693502011117944576,8,0.938649252402664,-0.6274205812074081
1693502011520950784,8,-0.7445674181595743,-0.7335194744366287
1693502011624358912,8,-0.4709852518510178,-0.6662825052456791
1693502011755856640,8,-0.920961545052682,-0.4760678549435724
1693502011868360192,8,0.3104175604489803,-0.6592286249644095
1693502011976672256,8,0.7397814427710139,0.7888773543386536
1693502012085000192,8,0.22242620639279775,0.44832235056717473
1693502012193354240,8,-0.2878010354904794,-0.07634942033960668
1693502012301776896,8,-0.9853543897192041,0.5159238320514332
1693502012418410240,8,-0.8674304929423293,-0.8868057920444594
1693502012526731008,8,0.38028255842250447,0.3789340941841175
1693502012635057408,8,0.6777313158535136,-0.4557772114916925
1693502012743407360,8,0.13005230151253144,-0.6808779348325344
1693502012851745536,8,-0.2575371712769474,0.5615662223130169
1693502012968475904,8,0.6803773872679217,0.28649309389715416
1693502013076756992,8,-0.8810055312308052,-0.034557629904344855
1693502013185081600,8,0.23225127621839015,-0.8024186349697189
1693502013293404672,8,0.26858356481189904,-0.7111142852276806
1693502013401802496,8,0.5013057034767843,0.08797228264984502
1693502013510068992,8,-0.0687678154086877,0.1747634221641685
1693502013626772224,8,0.4707574182453891,-0.05066111458803202
1693502013735089408,8,0.48881760820410514,0.9659271576368706
1693502013851783424,8,0.7311003049209985,0.1486725122760808
1693502013960102400,8,-0.5906278016666735,-0.6450878624142065
1693502014068610816,8,-0.8437427581570183,-0.007982166976006289
1693502014176774912,8,-0.4029053778432172,-0.7116938503753816
1693502014293446400,8,-0.4207747874559644,-0.4699705417099338
1693502014401793792,8,0.7801478012486875,0.2913723539329909
1693502014510118912,8,-0.5720301542819837,-0.16156796962501452
1693502014618465536,8,-0.7842354098920614,0.656874442426219
1693502014735134720,8,-0.8967646057092244,-0.6151621892231889
1693502014843477504,8,-0.23485618046163825,-0.1367576852557546
1693502014951813376,8,0.3750845399719849,-0.5697755359074397
1693502015068502272,8,-0.050217717707168985,-0.7013814218915204
1693502015176801792,8,-0.2012874119184791,0.3889171429395335
1693502015285152000,8,-0.6603295645700316,0.8685002316529611
1693502015393494528,8,-0.697107139542162,-0.9297041739255558
1693502015510138880,8,0.18911363683970506,0.5588655887905134
1693502015618509056,8,-0.5271086038511437,0.7865250230221099
1693502015726805248,8,-0.17179084239241926,-0.7289160926628346
1693502015835162368,8,0.1424824798165405,-0.606812247495798
1693502015951839744,8,0.9168723604634605,0.16678477870192032
1693502016060172032,8,-0.9800472060000278,-0.07030732220715175
1693502016168499968,8,0.20983039309067242,-0.9399498692164945
1693502016276900096,8,-0.8084406182924984,-0.5132099816715496
1693502016385152000,8,-0.33292329377956764,0.5958826625806957
1693502016501831424,8,0.9313936980415025,-0.9480062753181151
1693502016610187008,8,-0.07721025919634283,0.2306718746048082
1693502016718506752,8,-0.8210495235099413,0.5052704778118782
1693502016835157504,8,-0.9307854227073715,-0.09705799562237893
1693502016943492096,8,-0.6795045868527265,-0.7816858410210334
1693502017051848192,8,0.08107173164184278,-0.23865050723594994
1693502017168545280,8,-0.9174871035926879,0.01863218058070526
1693502017276837120,8,0.7691989999349489,0.31017195269238274
1693502017385186304,8,-0.008771477005853567,-0.6287242603309409
1693502017493526272,8,-0.9500965505202865,0.6472548433227214
1693502017610188800,8,-0.3675732929983919,0.8440986530474606
1693502017718570240,8,0.5469479602475127,0.4869630248473982
1693502017827018496,8,0.5846943573933043,0.9975872262713008
1693502017943554816,8,-0.7780813191908684,-0.6656322546726816
1693502018051842816,8,0.615486159813553,0.928826079791824
1693502018160195072,8,-0.052078011121830636,-0.9874226681174612
1693502018268577536,8,-0.48632935723076387,-0.5102431862494006
1693502018385204736,8,-0.8924128415696266,0.9567415437802633
1693502018493518336,8,0.6501051221129728,0.5191525414814706
1693502018601868288,8,-0.4137284777040997,0.5730369527738326
1693502018718547968,8,0.8047829439005945,-0.6326657479920104
1693502018826931712,8,-0.711550621795014,0.2958915888862521
1693502018935186944,8,-0.9692064949263524,-0.31535756318146424
1693502019043554048,8,-0.5706523372028844,0.17542630836185946
1693502019151952896,8,0.5106576246363246,-0.7161678529627644
1693502019260211456,8,0.4651367651501652,0.8730384359407268
1693502019376887296,8,0.46085073079195094,0.16668208348150815
1693502019485239040,8,-0.3898181804730325,0.64658567974087
1693502019593569792,8,0.595672605075986,-0.05107930476513611
1693502019710263296,8,-0.6394109520937858,0.23404814336603796
1693502019818570240,8,-0.5835117448210279,-0.6347368892928027
1693502019926910464,8,0.2831055913196492,-0.29375551170399383
1693502020035222528,8,-0.8112532462976978,0.8458985109709201
1693502020143586304,8,-0.059350484475861665,-0.8421943835683812
1693502020251959296,8,-0.06876262124362764,0.6366823658363214
1693502020360279808,8,0.4404001915036344,-0.951787114582787
1693502020468586752,8,0.9413491737414483,-0.7321269471891465
1693502020585271808,8,0.8960371962926745,0.6543224855071572
1693502020693623808,8,-0.28181940936526484,0.08009979651504118
1693502020801995520,8,-0.7761064859887223,-0.925889236756962
1693502020910274048,8,-0.7884626074686554,0.14994492631278677
1693502021026941952,8,-0.7791197848369311,0.9101652492603785
1693502021135314176,8,0.07404814036849405,0.8443746990202912
1693502021243598848,8,-0.8181624089072717,0.6108463917652822
1693502021360265728,8,0.08098520160976364,-0.19079317162383025
1693502021468675840,8,0.5148961201774878,-0.4289284537359055
1693502021576947712,8,0.21330061260363076,0.07172125406408525
1693502021693635840,8,-0.17275224245638765,-0.04206100767847021
1693502021801975552,8,-0.14408023966604921,0.7576163546487824
1693502021910300672,8,0.9613294976010192,0.3489290240600855
1693502022026952960,8,-0.7461965797261312,-0.07278206379161523
1693502022135304192,8,0.9982545384583983,0.8157092036257925
1693502022243672320,8,0.00039977618335029774,-0.4615314407354363
1693502022351961088,8,-0.08762697489831006,-0.9527287854079629
1693502022460338432,8,0.4984028671789358,-0.12335600225829535
1693502022568666624,8,0.3146983915193413,0.9528432501639537
1693502022685360640,8,0.9534413749658333,-0.780929080070748
1693502022793643520,8,-0.9349419997528838,-0.4168481585426447
1693502022902010112,8,0.6927415515073205,-0.7387410091496405
1693502023010365696,8,-0.1256335630897354,-0.9127758137829318
1693502023127026432,8,-0.19267215473531785,0.4739541072562281
1693502023235357696,8,0.5281825889510887,0.8665799323302474
1693502023343662848,8,0.5370698704381858,0.8847753103745775
1693502023452072704,8,-0.5967999787175937,0.2158589059404692
1693502023560367104,8,0.460724512119997,-0.7442849005221468
1693502023677036032,8,-0.6052390070941591,-0.34792928427983205
1693502023785371904,8,-0.5390775460213053,0.08066487713181236
1693502023893707264,8,0.01972301955590039,-0.45916196034778123
1693502024002065152,8,0.8890978239563692,-0.9218546076987733
1693502024118697216,8,-0.6845593285967655,-0.5519971165942512
1693502024227082496,8,0.9309284020630131,-0.17956314506290671
1693502024335419904,8,-0.4513578946636103,-0.6250166870946556
1693502024443695616,8,0.42883179866795174,-0.9805433129046479
1693502024552092160,8,-0.868163868816628,-0.6670005887850843
1693502024660425984,8,0.48696063051898486,-0.016664047743093713
1693502024777051136,8,0.8776008448383752,-0.703231202569307
1693502024885426176,8,-0.9709103649962008,0.8053247530587535
1693502024993749248,8,-0.9970198142729816,-0.5837253516709433
1693502025102085632,8,-0.5643919855061421,-0.8780809935834828
1693502025218745600,8,-0.9636525877037088,0.037994300974955486
1693502025327117312,8,-0.5026663572597587,-0.4166183807883155
1693502025435416576,8,0.4286345242569436,-0.193387754955336
1693502025543833344,8,-0.5214546085336254,-0.7775402126880522
1693502025652102400,8,-0.9903414993977744,0.03231594742972055
1693502025768796928,8,0.14347457540210984,0.5562898452301044
1693502025877095680,8,0.9985446496305062,-0.7573638371806954
1693502025985696000,8,-0.7617780952722761,0.5966424346365051
1693502026093767424,8,-0.953714689915701,0.9098899492006594
1693502026210488320,8,0.7007894529751728,-0.23103380847398336
1693502026318816512,8,0.5059371403065698,0.2555511914531605
1693502026427123200,8,0.6407999580367945,-0.7222725646866712
1693502026543759104,8,-0.011055764532960755,0.867637611281072
1693502026652151296,8,0.4843291168163595,0.16394453753909644
1693502026760502784,8,0.0638650796573006,0.5466687467272529
1693502026877145600,8,0.4535113790606129,0.48002527231515724
1693502026985545216,8,0.23555183477296548,-0.22359083579620154
1693502027093835008,8,0.08355404131347988,0.4661105176335334
1693502027202182656,8,-0.39959686184932797,0.9779839492238345
1693502027318843904,8,0.9019097549051118,0.8856054969812903
1693502027427201024,8,0.7332015620133425,0.09522633888210952
1693502027535565056,8,-0.039942190051452275,-0.4839735569282193
1693502027652189184,8,-0.5101122999097338,-0.8986756053111307
1693502027760511744,8,0.8427187144268338,0.6318712955885755
1693502027868875776,8,0.9448816715104349,0.03009997721508162
1693502027977165824,8,0.3685938450562667,-0.5019176537608798
1693502028085543424,8,-0.7625186012637821,-0.8064378541259094
1693502028202217984,8,0.6700652874159592,0.9061845160375417
1693502028310569984,8,-0.8350361298088862,-0.8077574145288562
1693502028418999808,8,0.7647609425360404,-0.36331847172279796
1693502028527185920,8,0.32430560296966204,0.11059192785265703
1693502028635625472,8,-0.26123995044376147,-0.4817241977196025
1693502028752225024,8,0.0024970045912506844,0.5184591646988854
1693502028860568320,8,0.9257055044897773,-0.38190816119192217
1693502028968926720,8,0.9455568048085436,-0.6217748577010338
1693502029085579520,8,-0.4804515271645806,0.6957288483490154
1693502029193881344,8,-0.9759234179792764,-0.2739623307667183
1693502029302242048,8,-0.35211612637878753,-0.521652977500348
1693502029410570240,8,-0.17425411327010676,-0.9400573455322132
1693502029527250432,8,-0.3566967193028061,0.8868992861323675
1693502029627333376,8,0.2144191205088859,-0.499234284708149
1693502029735625472,8,0.1640093310262376,0.408107269903097
1693502029852276480,8,0.7264603734675343,-0.13611512718175733
1693502029960673792,8,-0.7034603101594146,-0.892662970788918
1693502030068934144,8,-0.8828796215275461,-0.7241036405116834
1693502030185631744,8,0.7624691522711875,0.4420354666714663
1693502030285948160,8,0.6202266237032286,0.4126799370347114
1693502030402406400,8,0.07814973459020003,-0.8167956815850985
1693502030510631168,8,0.013991253855936803,0.8413010260130878
1693502030618968576,8,0.3052365216984183,0.026677853565489462
1693502030727303168,8,0.19292701665226342,0.5341158254293494
1693502030835631104,8,0.936291962878832,-0.7014163738344252
1693502030952310272,8,0.7813658325535362,-0.7185231740224258
1693502031060755968,8,0.06175689915792071,0.0015942288524295467
1693502031168980992,8,-0.8599444106686018,-0.47584009634215874
1693502031277299456,8,-0.35047665380188087,-0.728113644308314
1693502031393965312,8,-0.5451969684709814,0.825485413648352
1693502031502291200,8,0.2743469621381016,-0.6146932182969775
1693502031610812160,8,-0.37685392558918274,0.9020699401282088
1693502031727282688,8,-0.5554616399937748,0.9914915480380326
1693502031835688960,8,-0.965206310027521,-0.4106815146328522
1693502031944087552,8,-0.6810592767632762,-0.8105975092576392
1693502032060671744,8,0.5431790584327829,0.900835531048316
1693502032169024256,8,0.10332093687682598,-0.33596888024832516
1693502032277329408,8,0.09790410274558292,0.373237273375286
1693502032385711104,8,0.8765362213469041,0.25668357575966994
1693502032502320128,8,0.5726035629443327,0.9491056699658031
1693502032610707712,8,-0.3080968623688696,-0.9642021613290208
1693502032719019008,8,0.33111725548323334,0.7845085173485091
1693502032827342336,8,-0.7711554783080588,-0.936585708546158
1693502032935692288,8,-0.07070346770264146,-0.6542139169713368
1693502033052411648,8,-0.889237206213144,-0.14705891298653917
1693502033160764672,8,-0.9529367379280611,-0.8294939081700621
1693502033269042176,8,0.12311520043466895,0.04474318241066122
1693502033377493248,8,-0.08343753089508543,-0.9407505677680512
1693502033485718272,8,0.4468125682917041,0.4912752197291754
1693502033602421504,8,-0.6484379291459348,0.9672183827173637
1693502033710721280,8,-0.7456954633027568,0.4700161962241707
1693502033819128064,8,0.8504605088702841,-0.1455686082147989
1693502033927398144,8,-0.29830503330273483,-0.7498131091987332
1693502034044032000,8,0.3097279206581327,-0.4710160799845473
1693502034152412160,8,0.06470320694640463,-0.2514774797629067
1693502034260749568,8,-0.004483018287591234,-0.14123355693778117
1693502034369239296,8,0.5028601933285937,-0.5512232787054736
1693502034485749760,8,0.6297934617385843,0.7824109752552681
1693502034594105088,8,0.8268928076856388,0.5078388044021844
1693502034702429184,8,-0.3758868816221408,0.45081219145660834
1693502034810981376,8,0.9412900935906061,-0.3890769980089135
1693502034919145216,8,-0.6445912883604519,-0.7113468650211483
1693502035027490816,8,-0.120387994960518,0.9751514974052162
1693502035135809280,8,0.7042604630293412,-0.4003084840950468
1693502035252445440,8,0.6504348511456381,-0.9496935739059609
1693502035360822272,8,0.244078458668479,-0.33420741205516724
1693502035469124096,8,-0.9863128458566823,-0.0015588295582162903
1693502035577456896,8,0.48704337773545947,0.2518430498694708
1693502035694102528,8,-0.5900843595856597,0.4637779937554545
1693502035802484992,8,-0.016363816777701823,-0.7021984717328402
1693502035910784768,8,-0.5302431084257018,0.11666853667948418
1693502036019148032,8,-0.15628850336262357,-0.0176619291428759
1693502036127477504,8,-0.18033537961903146,-0.6618461435559111
1693502036244171008,8,0.8804025101341353,0.5137245968216178
1693502036352501760,8,0.4989065033106348,-0.7475647952251114
1693502036460807680,8,-0.0823053916070089,0.9054281142841707
1693502036569198080,8,-0.21151781897152677,0.973731264528533
1693502036686023168,8,0.01877588617778736,0.6946080240354766
1693502036794141184,8,0.40718474699914187,-0.22514629460949598
1693502036902501888,8,-0.2978352169412031,0.39757994984346134
1693502037019209984,8,-0.19962127577210165,-0.6947144887458425
1693502037127488000,8,-0.7399559724917719,0.9671301555125176
1693502037235862016,8,0.9127853352814586,0.24280232011260172
1693502037344216576,8,-0.11614041203448,0.9955795766229891
1693502037460851200,8,0.7046024731662512,-0.11600432529096727
1693502037569211648,8,0.7125185108826932,-0.4608750076576038
1693502037677644800,8,0.2470906271554798,-0.053390034033633516
1693502037794181632,8,0.659738661058539,0.3247829252428365
1693502037902593280,8,0.156362191738032,0.27822389018078875
1693502038010832384,8,-0.27678875602715114,-0.9270011423113802
1693502038119294976,8,0.949934451768538,-0.7822937994260135
1693502038235897088,8,0.020519782652080876,0.0011970932129814482
1693502038344184320,8,-0.03325474272039952,-0.3973256353504313
1693502038452543488,8,-0.7088511567480256,-0.5294130397855192
1693502038560907776,8,0.7281888316851142,0.6233900518637134
1693502038677574912,8,-0.38480093995261844,-0.38552287629159987
1693502038785978368,8,-0.161447720546944,0.4778414033934477
1693502038894217472,8,-0.24319260496372364,-0.6952792413909097
1693502039002791680,8,-0.7790743090090768,-0.8262387016970156
1693502039110913024,8,0.5812598114788265,-0.13435273105685974
1693502039227530752,8,-0.49444436126051494,0.47650958226934015
1693502039335955200,8,-0.28743934387524517,-0.2861655912283376
1693502039444217344,8,0.14966410079083903,-0.6558649239362493
1693502039552593408,8,0.9397931158493371,0.31984962062472655
1693502039660930304,8,-0.44717544613734117,-0.4338901841220546
1693502039769313024,8,0.6367206586590619,0.5328298676568983
1693502039885947904,8,-0.79784930243223,0.42051490563838345
1693502039994241024,8,-0.013884756354837657,-0.6088704385354822
1693502040102611456,8,0.10086247444611551,0.062392833035464834
1693502040210924032,8,-0.07280137763801764,-0.9949570915523989
1693502040319285760,8,0.337380207017578,-0.5329965456318408
1693502040427596800,8,-0.5493053892647748,0.3543364344054363
1693502040535971328,8,0.5779100401327044,0.0008855890397951871
1693502040644249344,8,0.7280001566214889,0.6125831034596279
1693502040752623616,8,0.4480313072319757,0.05647017831827972
1693502040861168128,8,-0.4455451132850874,0.6027415010299599
1693502040977632000,8,0.07368068431614483,0.9861448467545477
1693502041086015488,8,-0.18969678491845188,0.7323426868637126
1693502041194426368,8,-0.9634269126159447,0.6934844866147574
1693502041302639360,8,0.6331173494570925,0.9859266138634442
1693502041411126784,8,-0.6365103261007663,-0.6780042675856124
1693502041519339776,8,0.7563253100375824,-0.3779958308328195
1693502041627704576,8,0.31302304193007746,-0.44206821795908025
1693502041736022016,8,0.6042944599122908,-0.6270237826237894
1693502041852685312,8,0.7263797078923522,-0.763072271522387
1693502041961055488,8,-0.1971028439557896,-0.37808928472845604
1693502042069409280,8,0.4879483573296939,0.05578517055338539
1693502042177693696,8,-0.9916174289018567,0.8919361716466763
1693502042286019584,8,-0.006657479073440831,-0.7990397704611725
1693502042394468864,8,0.4599615729132298,0.7445901111548601
1693502042511035904,8,-0.22989888410461878,0.9749085762866461
1693502042619466752,8,-0.5947284823185852,-0.8750360459163411
1693502042727716096,8,0.3977347195393506,-0.7899308563072309
1693502042844390144,8,-0.1065563775485936,0.6561439274583261
1693502042952719616,8,0.2457952887474122,0.8248382651502841
1693502043061152256,8,-0.9010027039023951,-0.8210691093267839
1693502043177978112,8,-0.4479550416404945,0.8767167927802553
1693502043286102016,8,-0.580286796423584,0.8379671713231023
1693502043394463744,8,-0.050312253634759996,-0.7664471083774886
1693502043502813184,8,-0.7861243523625665,0.3797177001294789
1693502043619452928,8,0.4950770750478122,0.1793880138193915
1693502043727726848,8,-0.06673045811165013,0.30446311168038664
1693502043836106240,8,-0.1701182418229108,0.5613485686364026
1693502043952754688,8,-0.7900754230525182,0.26068190869197827
1693502044061140992,8,-0.22409248524746173,0.8546257042227399
1693502044169394944,8,0.5211192367627444,0.8798134975847383
1693502044277763072,8,0.3674858170045763,0.2336780276562167
1693502044386136320,8,0.5025117097888034,-0.8981429230904798
1693502044502873088,8,0.014653492843665239,-0.8029556485737204
1693502044611087872,8,0.2960283500685592,0.6908020075884864
1693502044719502848,8,0.27226508359103385,0.6429512131792827
1693502044827833600,8,-0.34268649120128614,-0.2706828427126333
1693502044944492032,8,-0.9811488296287312,-0.7590393412554068
1693502045052800256,8,-0.5879339432983934,-0.12490097670665223
1693502045161168384,8,-0.5530862459883521,0.06021827706170768
1693502045269509120,8,0.41233760296374333,-0.9547323663153018
1693502045377833984,8,0.8452479566107358,0.11622341764695232
1693502045494516992,8,0.35199142794651284,0.6742419517582741
1693502045602818048,8,0.04517247892435439,-0.9930737693358385
1693502045711159040,8,-0.7247963580580112,-0.06403598787271547
1693502045819540480,8,0.5209055849349213,0.43011774460520735
1693502045936272384,8,-0.0641034824855462,0.8909868212864065
1693502046044543232,8,-0.7884327556676869,-0.9450192518156051
1693502046152884480,8,0.3805188314912573,-0.7778636101007874
1693502046269551616,8,0.2311389218268043,0.9518959199605814
1693502046377860096,8,-0.6907425503465761,0.7875145554960161
1693502046486250496,8,0.35369221263709494,0.7582305335725557
1693502046602857984,8,0.17615729024623716,0.9756882694989037
1693502046711187200,8,-0.49737157700774426,-0.019179988281519345
1693502046819582976,8,-0.7587710688192573,-0.6040690319960615
1693502046927939072,8,-0.3223039979114941,-0.5466299349022155
1693502047044496640,8,-0.10518260481496666,-0.161549351220456
1693502047152850176,8,0.7265823201245423,0.7993406042894462
1693502047261285632,8,-0.9860517802527373,0.5965377880155438
1693502047377953536,8,0.09405976556128781,0.3474728274761858
1693502047486256384,8,0.43263606055141945,-0.2673271926585119
1693502047594577152,8,-0.29620402357694386,0.7342631663423864
1693502047703140096,8,0.0010025952976617791,-0.9705390457851226
1693502047811290880,8,0.30266368771930274,0.33825935226867454
1693502047928174848,8,-0.4136795521653496,0.5968051071171814
1693502048036314880,8,-0.7300931183503976,0.752677923370322
1693502048144649984,8,0.9280175296399436,-0.6754614715236744
1693502048256480768,8,0.648481013201798,-0.21859385691463662
1693502048364772864,8,-0.9238971205153763,0.9866283891268337
1693502048473123840,8,0.2049296448959359,0.5268367138866585
1693502048589788416,8,0.10297206569331241,0.6938318678124682
1693502048698132224,8,-0.48083680274470475,0.33276358950376217
1693502048806581504,8,-0.9601537974337706,0.6016940391433836
1693502048914830080,8,0.364480520526157,-0.2869853814498602
1693502049031485440,8,-0.12613867789888777,0.38018708107462773
1693502049139789824,8,-0.5081843647649262,0.6994089332601836
1693502049248130816,8,0.8287813653278042,-0.2706457570644998
1693502049356500224,8,0.49713562338952766,0.7549437574047133
1693502049473179904,8,-0.7159248875164586,-0.35629187442483445
1693502049581474304,8,0.4715997593915473,0.6774591268088264
1693502049689863168,8,0.7892982408134905,0.6469028613744916
1693502049798162432,8,-0.22320961843878595,-0.991176359648366
1693502049914839808,8,0.8554872871882644,-0.5648287654276947
1693502050023154176,8,-0.27204264631240593,0.9584502568992519
1693502050131523072,8,0.9099823357667047,0.29755546931448174
1693502050240001024,8,0.5336875059906787,0.7855760720635929
1693502050356544256,8,-0.6869185077835724,0.6970692457539036
1693502050464871936,8,0.40563255173053725,0.3896762894467447
1693502050573227776,8,0.24000556078841662,0.731405067773631
1693502050681551872,8,0.15577461029519957,-0.42288320449248995
1693502050789880576,8,0.7105589105611283,0.006778434901809849
1693502050906544384,8,-0.5592187043490249,-0.9795622035648262
1693502051014880512,8,0.8257494435777801,0.47718041278550594
1693502051123425280,8,0.2013740362132923,0.6189791273265219
1693502051239909376,8,0.6280948522011975,-0.3672143540061765
1693502051348400640,8,-0.542733683484037,-0.7052797958115637
1693502051456551680,8,-0.26339808238160667,-0.8574634883246275
1693502051564879872,8,-0.04745765448070838,-0.2705431764773927
1693502051681594880,8,0.6150855081425153,0.10009901209416605
1693502051789904640,8,-0.22373049410751644,-0.41839670532524775
1693502051898245632,8,0.42583027175348875,-0.5098639394180717
1693502052006670592,8,0.33549320500695634,0.8714362623462748
1693502052123264000,8,0.7250035305320448,-0.5346549107155474
1693502052231578880,8,0.09990123049490474,-0.8130552023181281
1693502052340065792,8,-0.34829673145598217,0.640370758153372
1693502052448300032,8,0.760928910390348,-0.4477254314410095
1693502052556675584,8,-0.0026621606854928537,-0.4808466468944044
1693502052673275136,7,0.9872501962701692,-0.018832050180966675
1693502052781597696,7,0.6405257852134825,0.1704156069045959
1693502052898275584,7,-0.1510274282764983,0.91831241730272
1693502053006653696,7,-0.3598854024341904,-0.5064361907272112
1693502053115051776,7,-0.32607993005288227,0.488919999672746
1693502053223287808,7,0.8287881741557623,-0.7776658216593306
1693502053331727360,7,0.09201731935781843,-0.847279952379572
1693502053439993600,7,-0.10191978651870248,-0.01464141414290987
1693502053556675328,7,0.614360006130942,-0.7320271844534545
1693502053665031168,7,0.1845506634133458,0.5301537150559905
1693502053781684480,7,-0.004498921235059905,-0.8030752488767183
1693502053890037504,7,-0.2754388263881604,-0.6904710475149671
1693502053998309120,7,0.7081638565493862,0.278983623469091
1693502054106734080,7,0.5248544614232569,0.6241963594937014
1693502054223364352,7,-0.076280442464707,-0.545834500575781
1693502054331668224,7,-0.2332952168753628,-0.6929834291989239
1693502054440069376,7,0.5735357745396907,-0.1297366357091312
1693502054548507392,7,0.47629154984020916,0.9815505202086525
1693502054665004032,7,0.5434037488726318,-0.15429699758940774
1693502054773397248,7,-0.07484803395623252,-0.7173071498173704
1693502054881794304,7,-0.2837939103743754,-0.11691410687944859
1693502054990059264,7,-0.9453670611874379,-0.5928515931793135
1693502055098386176,7,0.6538201346999444,-0.07230946239079472
1693502055206721024,7,-0.27669239961692593,0.6110179314549928
1693502055315087616,7,0.5093973972251817,-0.03863131207885395
1693502055432208128,7,0.9898158556404313,0.5052769665402195
1693502055540009984,7,-0.03769112133116326,0.4453201899111483
1693502055648385792,7,-0.5669739380821195,-0.026648039846864924
1693502055756790272,7,-0.38620875807553334,-0.5434581707406598
1693502055873412608,7,-0.968108508343746,-0.6285752074619044
1693502055981734400,7,-0.11539901351173465,0.6426758926048273
1693502056090102016,7,0.6810732528822736,0.0065097338956021655
1693502056198593536,7,-0.35136475107553866,-0.08196250093402058
1693502056306790400,7,-0.6378642114501798,-0.9003789251745098
1693502056423489792,7,0.1252449776643263,-0.33533842474877606
1693502056523446016,7,0.5411556326112268,-0.21114552490038907
1693502056640193536,7,0.056154614729086116,0.9625303469225848
1693502056748428800,7,0.7870058931539692,-0.6281270153075378
1693502056856939776,7,0.032388833670399686,-0.3994852304900931
1693502056965258752,7,-0.9086135111943652,-0.16676107900424642
1693502057081769984,7,-0.4986566582902261,-0.9794288062256642
1693502057190095616,7,0.3054053022320269,-0.24550609762679576
1693502057298447104,7,-0.5862511523989316,-0.04353040537841024
1693502057406844416,7,-0.8648044040848795,0.669669683373076
1693502057515183616,7,-0.5869455346006285,-0.32348538624874035
1693502057630003712,7,0.4532582692576921,0.9337902653343506
1693502057746626560,7,-0.1982265341894629,-0.16486208600359342
1693502057855076352,7,-0.723273689178608,0.20748411305815484
1693502057963283712,7,-0.5642237828207541,0.058027646411022094
1693502058071722496,7,0.44407112157269846,0.6717911880490701
1693502058188284416,7,0.21476292687830645,-0.1871260569107409
1693502058296695296,7,0.343643854470292,-0.9395809054772393
1693502058404965632,7,-0.4735075158325961,0.8370450874585884
1693502058513285120,7,0.046631097698929036,-0.21323134614047756
1693502058621588992,7,0.35884692123168627,-0.6472701868782287
1693502058738259712,7,0.38784342012716655,0.5603441949265644
1693502058846686976,7,0.5548415517109191,-0.4805835186537142
1693502058955001856,7,-0.30629372912337227,-0.9492013053997732
1693502059071633664,7,0.049652605408284645,0.6684877664444464
1693502059179997184,7,0.5440057090638615,-0.05146926343418978
1693502059288503296,7,0.1554210099297768,0.484407411274433
1693502059396656640,7,0.9139861897350174,-0.3452562302920046
1693502059513294336,7,0.7075088389124278,-0.14187139344893795
1693502059621699840,7,-0.48525524472427883,-0.9823308689255923
1693502059730015744,7,-0.616295893761345,0.31247524526516557
1693502059838332160,7,-0.3566619394496995,-0.09953631374578187
1693502059955016960,7,0.4734907667888697,0.00038325183657916817
1693502060063358464,7,0.7636717626955121,-0.0003770930963764574
1693502060171709440,7,-0.3219981440266684,-0.49061789872072326
1693502060280027904,7,-0.12733161672147553,-0.8460511179760617
1693502060396683264,7,0.4089274087943884,-0.9447575026565782
1693502060505082368,7,0.662347134668474,0.053937483723043966
1693502060613407744,7,-0.7056748443085221,-0.6381446499100794
1693502060721823488,7,-0.5798842182708772,-0.19511759654314575
1693502060830086912,7,0.6745867003535913,-0.08911666678424601
1693502060938511616,7,-0.5875159028133397,-0.8807273997937657
1693502061055052800,7,-0.6478725645625414,0.8873858845750233
1693502061163321600,7,-0.7055499183811944,-0.7934251113769883
1693502061280041728,7,0.5231534551830777,0.6718332240699014
1693502061388408320,7,0.6602645869700867,0.30249765346955093
1693502061496904192,7,-0.01980849465837542,0.2134945708616376
1693502061605299968,7,0.9374240114065975,-0.7867840912500861
1693502061721780224,7,-0.6712366483031786,0.5588756247539519
1693502061830074112,7,-0.6847707537295211,0.7660817584871549
1693502061938413824,7,-0.25610217282146164,-0.42209976511888425
1693502062055148032,7,0.6742994271589395,-0.19170337055438047
1693502062163718400,7,0.1069179211957596,-0.9352361205995545
1693502062271736576,7,-0.6485571572185016,-0.7928692871995913
1693502062388428032,7,-0.15033753282794504,0.15716968488490024
1693502062496738560,7,-0.5853393139762562,0.7129557848941028
1693502062605097216,7,-0.6416576178792053,-0.9408240482436305
1693502062713464832,7,-0.6396343149710095,-0.17358265824762298
1693502062830087680,7,0.9221622047416409,0.13727779380550142
1693502062938451200,7,0.09918609282246482,-0.8086892813908471
1693502063046761472,7,0.9585966451538122,-0.46771785342120054
1693502063155142912,7,0.35721652802110704,-0.46272475279188674
1693502063263445760,7,0.6576505165909552,-0.878899955417173
1693502063371801088,7,0.09273436703195093,0.7367030690826901
1693502063488478208,7,-0.09884610079894807,0.7670761478999131
1693502063596934400,7,0.5189464244146167,0.8431822987800484
1693502063705330176,7,0.6124468594460515,-0.8392298609009072
1693502063813494272,7,0.8477018057408652,-0.10870355535903653
1693502063921805056,7,0.5570647573372371,0.7763445130353175
1693502064038542592,7,0.37050177172989107,0.8827245985403378
1693502064146818048,7,-0.41758940244760345,-0.6034309832948659
1693502064255235584,7,-0.6305006978918788,0.6702614643996656
1693502064363484928,7,-0.6329203806250516,0.8336406838843669
1693502064472439808,7,-0.24652976427119855,-0.5522464833734702
1693502064580679168,7,-0.7737350782301204,0.6166798240031239
1693502064697275648,7,-0.6801806306361942,-0.4427258851748743
1693502064805664256,7,-0.11279747734619328,0.9577758348236378
1693502064914028288,7,0.831759580302343,-0.9893412509570831
1693502065022334208,7,-0.5554151988342,0.12564328361319466
1693502065130846976,7,0.48286587592510166,0.5124641646389372
1693502065239075584,7,-0.34980721384123625,-0.8782688505012728
1693502065347361024,7,0.7619528077512092,0.23156445813965165
1693502065455794688,7,0.22549633410012193,0.9732813619083418
1693502065564102656,7,-0.34990002052894686,0.3977616370264163
1693502065680659712,7,-0.562032345858811,0.20942254699567453
1693502065789003008,7,-0.7455588808355134,0.401428672045524
1693502065897385216,7,0.9826129638867174,-0.013487425741816272
1693502066005701632,7,0.08183628113834529,-0.8259867256870075
1693502066114045440,7,0.7896153565137374,-0.7642541107200616
1693502066230691328,7,-0.22476660874175036,-0.3038766435948401
1693502066339070464,7,-0.9044839993347953,0.9498804177702083
1693502066447403264,7,0.1264244886801269,-0.14152407557517765
1693502066555769344,7,-0.7491227115624373,-0.13910583081057237
1693502066672379648,7,-0.1604373983656988,-0.20973429611501615
1693502066780706304,7,-0.33774462604429134,-0.6567090533134747
1693502066889254656,7,0.7260252709121173,0.10592953331055144
1693502066997350912,7,-0.3925552017107947,0.9544609815688279
1693502067114077440,7,0.1762242092080708,-0.47045001948731135
1693502067222378496,7,0.49783713559212983,0.1727682556753567
1693502067330904320,7,-0.9532101533913082,0.44557191432372534
1693502067439077376,7,0.011330989884770881,0.09226315371467253
1693502067555713280,7,-0.39729474759005723,-0.9944215652540946
1693502067664055296,7,0.4963673725003257,0.9874346161393512
1693502067772425728,7,0.507074704956759,0.6929750572299558
1693502067880712960,7,-0.9565992032044208,-0.9108102985376076
1693502067989125120,7,-0.97954087458391,0.4297368216867157
1693502068105772544,7,-0.7934345220767747,0.9196610576272704
1693502068214093312,7,0.6888847823702893,0.19004371831502698
1693502068322553856,7,-0.6681921007309741,0.5432944607400048
1693502068430778624,7,0.8082367088109796,0.5532590124797756
1693502068547379200,7,0.8889929547800581,0.7642334224857101
1693502068655768064,7,-0.5236067828581257,-0.9348511356190916
1693502068764204544,7,-0.48190387275496294,0.1448446350376269
1693502068872467968,7,-0.9308104278924827,-0.5496588919557226
1693502068980861440,7,0.7975045167934514,-0.3030081844759225
1693502069089505792,7,-0.6151429824938448,-0.5874200586480922
1693502069205843456,7,-0.9868789172559309,-0.6644545757073386
1693502069314147584,7,-0.2849582274670057,-0.9185259915297594
1693502069422551808,7,0.6191749926543166,0.811736399709821
1693502069530913024,7,0.6107213099507205,-0.3118950746430904
1693502069639343104,7,0.9468508818653161,-0.7729557958514726
1693502069747777792,7,0.7694724757877798,-0.5475158245964262
1693502069864200192,7,-0.3247107523131385,-0.3428784043160882
1693502069972643328,7,0.435827027007198,0.794924229881022
1693502070089217792,7,-0.5479273519617887,-0.19035974769450337
1693502070197542912,7,0.008587283092131859,0.10876799834573347
1693502070305919232,7,0.12052427656705733,0.39028520559322466
1693502070414218240,7,-0.5836975034507867,-0.6127179152510613
1693502070530860288,7,0.5515296793818958,-0.6145037878282811
1693502070639199488,7,-0.6755975887992496,0.6996037698729303
1693502070747603968,7,-0.2117715042958197,-0.67357724022723
1693502070855908608,7,-0.14649052720870537,-0.9855150757454973
1693502070972680192,7,0.0748072717585011,-0.30636075788243655
1693502071080916224,7,0.4932421407165961,0.0767316371175828
1693502071189609216,7,0.2902189527525221,-0.7551023047219874
1693502071305931776,7,0.6633065784859369,0.5773202817062404
1693502071414198272,7,0.5053171704742734,-0.819068265532072
1693502071522576640,7,0.7594076481429863,-0.8849355810235291
1693502071630977024,7,0.5601514925560318,0.502713689184848
1693502071747613696,7,-0.21435640285824364,0.8153470437909032
1693502071855976448,7,0.22345706226145445,0.22957614263739123
1693502071964299008,7,0.9027576901978527,-0.7641912081443827
1693502072072594432,7,-0.5145462756308787,-0.007174053766004773
1693502072189265408,7,-0.6038241673223086,-0.037755765620086645
1693502072297634304,7,-0.3820199878812114,-0.25660948041297216
1693502072414286592,7,-0.6798937757973891,0.81282888375055
1693502072522559232,7,-0.23213843729716044,0.19059511683693464
1693502072631352832,7,0.7339284459978594,0.28183446962992464
1693502072739288576,7,0.13271442358418506,0.8033740885278093
1693502072847649280,7,-0.316204344896464,0.9719673513893761
1693502072964299264,7,-0.804422176093506,-0.7351218286035737
1693502073072562688,7,-0.20895356764884965,-0.8479729488046375
1693502073189578752,7,-0.5418399855513192,-0.03676483970318678
1693502073297620736,7,-0.5357617330171598,-0.1984354536517139
1693502073405964032,7,0.8883082333736447,0.7099418036757505
1693502073514303232,7,-0.45186104665022286,-0.3629961587318069
1693502073630991616,7,0.3355595894611929,0.017391884767343102
1693502073739259392,7,0.8356190830266745,-0.496250966443194
1693502073847617280,7,-0.7942287639185921,0.8114124855677338
1693502073956206592,7,0.40243904330439606,0.7807124647618953
1693502074072783872,7,-0.14855311631462698,-0.10286225663644766
1693502074181029120,7,0.5329050902808998,-0.9471005945725819
1693502074289446912,7,0.14216379214959574,-0.6833216151618249
1693502074406012928,7,0.4836533945703432,0.06609220657327408
1693502074514323200,7,-0.4628406120031321,0.7491198500607694
1693502074622751488,7,-0.4590357681947288,-0.6178962712553839
1693502074739331584,7,0.4103010759635972,-0.8744108028138746
1693502074847755776,7,0.3821664784889176,0.7201196898797884
1693502074956036096,7,-0.290748536438747,-0.3644098923491368
1693502075064368128,7,-0.4581884412484807,0.439590689121083
1693502075181032704,7,-0.720851971203573,0.16377338230382277
1693502075289410048,7,-0.7898650720788138,-0.5244744320781474
1693502075397950976,7,0.6826324321235622,0.03484944777715793
1693502075506263552,7,-0.1167668031884066,0.8346507935416652
1693502075614449152,7,-0.07800902966095147,-0.7206848820905638
1693502075731123456,7,-0.0677244722028878,0.9476495106048852
1693502075839368192,7,-0.2512765274580697,0.4824979938764016
1693502075947677952,7,0.7199390848173541,-0.6933491532393123
1693502076064395008,7,-0.8131513669830803,0.09051238352458157
1693502076172715776,7,0.4163919660246149,-0.49125531869705696
1693502076281043712,7,0.5957900237352529,-0.3573278382359153
1693502076389482496,7,0.8635417303398343,0.5824338512042362
1693502076497885184,7,0.1814015236546498,0.47190754007802793
1693502076614441984,7,0.9382543415937372,-0.39497776669769347
1693502076723107840,7,0.08546308402869873,-0.014723657944093027
1693502076831131648,7,-0.1371558831228421,0.2680947092503876
1693502076939735808,7,0.6590296264675424,-0.6034514611714719
1693502077056452864,7,-0.5820608007814347,-0.5310436821348417
1693502077164415744,7,-0.6596889408094928,0.17913556078340598
1693502077272834048,7,0.11638004228470278,-0.29141969836838544
1693502077389455104,7,-0.28406311761428316,0.23502243969970982
1693502077497885696,7,-0.8856804048131532,-0.3194133867730209
1693502077606116864,7,0.4328232935503378,0.3310243381535427
1693502077722760960,7,0.9200700138999669,-0.4501257679264241
1693502077831187456,7,0.7668408232892352,-0.3329129273214966
1693502077939442432,7,0.006912362361105373,0.5687759423148224
1693502078047756288,7,0.470481776107724,0.06080961513676386
1693502078156195584,7,0.6590846589031414,0.08297173934871305
1693502078264581632,7,0.9453210499113429,-0.35872197599007594
1693502078381232384,7,-0.12551376654801594,0.5874694209966949
1693502078489581312,7,-0.7300486355344835,0.5770722206220191
1693502078597871616,7,-0.9640210756710759,0.015830759199343403
1693502078714491648,7,-0.20420283850647492,-0.7493414184680263
1693502078822865408,7,0.16900212733326314,-0.6634364968178781
1693502078931208960,7,-0.3897128712538218,-0.5665870627423595
1693502079039575296,7,0.5602789169199458,0.7497918057275135
1693502079156140288,7,0.47422764261412853,-0.8396938028076948
1693502079264556032,7,0.1712044684855656,-0.6624539858780929
1693502079372886272,7,-0.6819520417956486,-0.6328661908272448
1693502079481209344,7,-0.29927387820746243,0.5099639759404888
1693502079597808128,7,0.0665672746800039,-0.29466249452030513
1693502079706212096,7,0.591628829593781,0.8676524257008662
1693502079814698752,7,-0.1885299955606068,0.5138659161764827
1693502079922841344,7,0.977714140711363,-0.10555574041451021
1693502080031269120,7,0.10494126992209485,-0.6225941093417648
1693502080147954432,7,0.5209580846421722,0.7616237726849331
1693502080256314112,7,0.292238161157256,-0.8187206558722013
1693502080364537856,7,0.8915279979933359,0.5858378434557503
1693502080472862464,7,-0.5086322438410205,-0.4529460655571593
1693502080589637632,7,-0.4250529770593108,0.14679534994070376
1693502080697905664,7,0.18804329650766638,0.5761220159149874
1693502080806284032,7,0.21096907112249208,0.3102485152707315
1693502080914612992,7,-0.21116201325892026,0.6629505558851965
1693502081022899200,7,-0.11323195636633865,-0.7312422482682863
1693502081131297280,7,-0.2029961645566416,-0.47544759633301537
1693502081248104448,7,0.6620883031465874,-0.3146177108879207
1693502081356289024,7,0.6782869257422597,0.9257461068140334
1693502081464764928,7,-0.27738698675768725,-0.6115893843008349
1693502081572935168,7,-0.8664933818993861,0.6719077420985746
1693502081681319936,7,0.29403181432691383,-0.9624738884392912
1693502081797959424,7,-0.5368013588410134,-0.8502576492741369
1693502081906274816,7,0.47464766741183695,-0.8311956141155836
1693502082014676480,7,-0.5607879572270764,-0.2585289215592217
1693502082123005952,7,-0.5984156051465377,0.23837390806729442
1693502082239646208,7,-0.7310624396752998,-0.4042427415198995
1693502082347968256,7,-0.07263928512266071,-0.8263130046481237
1693502082456335616,7,0.18377247783828943,-0.23535700362655576
1693502082564589568,7,-0.9884219513114121,-0.9064461824316976
1693502082672911104,7,0.9301810863802982,0.8635284681450814
1693502082781392128,7,-0.7128676703363124,-0.028292929245891774
1693502082897983232,7,-0.9254562658016265,-0.20005149720629167
1693502083006329344,7,-0.19953344597075473,0.8469377560181519
1693502083114684928,7,0.49672459688760795,0.6619069105467636
1693502083223016192,7,-0.8902141977250335,0.9512329166520601
1693502083331392768,7,0.740616785433875,-0.21815536496966792
1693502083447977216,7,-0.5632227255595992,0.051443155306998056
1693502083556340224,7,0.8787858985958781,-0.9793532637547648
1693502083664697600,7,0.14488581308073423,-0.543461658611464
1693502083773018880,7,-0.6530716985481204,-0.4572461929372065
1693502083889684224,7,-0.8197365634934175,0.652324712658088
1693502083997998336,7,0.3180695645006466,0.7147793803055791
1693502084106385408,7,0.3465933518309019,-0.588827997698802
1693502084214803200,7,0.734693361611054,-0.6035452218875184
1693502084331440128,7,-0.17926680870851586,-0.9751383864445371
1693502084439731968,7,0.8737131922329098,0.234436322137344
1693502084548054784,7,-0.4337714208282337,-0.8136930321902396
1693502084656369152,7,-0.12945434004559697,-0.7255662092761512
1693502084764776448,7,-0.5999007267442915,-0.8017164410786419
1693502084873093888,7,-0.30206790155139895,0.7998563769031666
1693502084989752064,7,-0.4245891404702635,0.8307863734493524
1693502085098085120,7,-0.6067452064191299,-0.6426457693588434
1693502085206441984,7,-0.06026328118901936,0.7895193604880792
1693502085314749440,7,0.04671779814380761,-0.0467824198153326
1693502085431357184,7,-0.15955346980250495,0.8371728323705772
1693502085539771392,7,-0.9367078479827966,0.7173061176023858
1693502085648113408,7,-0.5831435205036535,-0.49798428111664705
1693502085756553216,7,-0.41536502271800124,0.24735137782511174
1693502085864740608,7,-0.9099942025722645,-0.44511358618737007
1693502085973155584,7,-0.1428662418000104,-0.8610771227869174
1693502086081462016,7,-0.34441240342932944,-0.3196382507668918
1693502086198029312,7,0.02319411263583615,-0.1172394004498003
1693502086306450176,7,0.996010811426381,0.6717868871425225
1693502086414814720,7,-0.01117148071940921,0.23099156565415746
1693502086531459584,7,-0.6224287275607061,-0.4004405334989247
1693502086639737600,7,-0.6344957643572038,0.7644096191033734
1693502086748148992,7,-0.4259377336448147,-0.5616146408722353
1693502086856470528,7,-0.3846950938312903,0.5429912547367675
1693502086973087488,7,-0.844461176267528,-0.00757948803576447
1693502087081509376,7,-0.5619514097471798,-0.30929909008144385
1693502087190245120,7,0.5618095894938873,0.5922611385043057
1693502087298184192,7,0.001966324804942632,-0.22255764048398308
1693502087414830848,7,-0.48894315289504453,0.1405452156194371
1693502087523142144,7,0.9948664607223907,-0.6689844077984184
1693502087631750400,7,0.748292942247121,0.5454217424402565
1693502087739919616,7,-0.2605537512100149,-0.5492110046967817
1693502087848266240,7,0.6841333919922283,-0.7263690468963742
1693502087956659200,7,0.11882381987303448,-0.9170751231778567
1693502088073281792,7,0.3764288197101724,-0.6540867954811456
1693502088181545472,7,0.031435391811630575,0.4678844169690879
1693502088289985024,7,-0.4675591727611532,0.30567391234767327
1693502088398275328,7,0.9585057043623681,-0.9935741931852682
1693502088514900992,7,-0.3221929039487763,0.0017196219324606687
1693502088623199232,7,-0.3255676831927681,0.7712727682732388
1693502088731620096,7,-0.03658241418125474,0.8872129957067503
1693502088839849216,7,-0.6512378440593147,-0.21837033739517642
1693502088948190976,7,-0.44294574507391715,-0.35742582708254655
1693502089056608256,7,0.1799327523023766,-0.9679931128735981
1693502089164952320,7,0.5961663280800189,0.1631021019967276
1693502089281615872,7,-0.5592509884095851,0.0672610413678374
1693502089389955840,7,-0.47629951429424255,-0.14531789645685333
1693502089498553344,7,-0.3905505912195333,0.6928599424294142
1693502089606616576,7,0.2701820196295559,0.4740784033218508
1693502089715051520,7,-0.41279996600554925,-0.08877860746996369
1693502089831627520,7,0.912370099224586,0.04510057362800879
1693502089940017920,7,-0.44838526528658473,-0.0859271429295938
1693502090048329984,7,-0.20764141190437324,-0.24964703496762541
1693502090164980224,7,0.08446441221895551,-0.09725547070441642
1693502090273373696,7,0.3036503935310073,0.7122781925112411
1693502090381715200,7,0.7569405349439051,-0.4871855691656859
1693502090490041088,7,-0.1718123130637459,-0.06529234153965713
1693502090606719232,7,0.3588731866603956,-0.22460110850604842
1693502090715084032,7,-0.5323198973516798,0.10690538472855526
1693502090824020992,7,0.6182703957159668,0.9293513712607102
1693502090932444416,7,-0.8657128756084593,0.3182431354661974
1693502091049014784,7,0.7645360930861058,-0.8257441592295884
1693502091157471744,7,-0.25446598505263895,0.03505839029766333
1693502091265658624,7,0.2178575332649555,-0.9328838595988982
1693502091373915392,7,-0.8803790636486901,-0.0943770635816763
1693502091490752256,7,0.8490056201186471,-0.6661256763806245
1693502091598976512,7,0.6862465904652557,-0.9778140518505729
1693502091707323904,7,0.03404638630249246,-0.33095699487612107
1693502091815733504,7,0.3950086154702608,0.2996241575666909
1693502091932409600,7,0.6752558583334003,-0.22988250821182343
1693502092040750080,7,-0.4198881242231578,-0.5276242142417891
1693502092148974848,7,-0.17620510231109332,0.7646048728883963
1693502092265789184,7,-0.9334676066419345,0.7988505517915632
1693502092374269696,7,-0.5442127629237192,-0.5040426933138515
1693502092482280448,7,-0.4659818721585447,-0.15038844060689027
1693502092590734336,7,0.018392104590641223,-0.5774519439481234
1693502092699298304,7,-0.207283906891242,0.2892242288594187
1693502092815717632,7,0.33174380974457174,-0.9554936615016556
1693502092923996416,7,-0.19089696599538342,0.4016860841431984
1693502093032331520,7,0.7753280387038519,-0.7595144577623363
1693502093140688640,7,0.8660319169706003,-0.6339272151157922
1693502093257454592,7,-0.6331799563671694,-0.17937477100115196
1693502093365712384,7,0.7152433615233731,0.8224491115605244
1693502093474185216,7,0.28474615933312886,0.552203045506511
1693502093582423040,7,0.2286167296192747,0.542194716809701
1693502093690768128,7,-0.09575607615582293,0.29408545057574953
1693502093799109120,7,-0.13818418489252293,-0.5639400258305467
1693502093915780864,7,0.519855012439048,0.3525055586963104
1693502094024175104,7,0.6166763279803338,-0.9066183360336599
1693502094132361728,7,-0.05854361129656627,-0.5895076010727716
1693502094240845568,7,-0.1705799221344244,-0.39064014435205907
1693502094357476864,7,0.6264129604274027,0.3927511649584361
1693502094465763328,7,0.38719902363296343,0.7369159288379139
1693502094574159872,7,0.007430058061165923,-0.03684426862878487
1693502094690747392,7,-0.20039012992277172,0.4837819761609228
1693502094799103232,7,-0.37017478348583044,0.9885137474191257
1693502094907755008,7,-0.3546943091130179,-0.9561854028129206
1693502095015753984,7,0.34149135107995,-0.39463337405023435
1693502095132537088,7,-0.7238993027955456,0.6568716484002506
1693502095240798976,7,0.3889386274726878,-0.8826345911270121
1693502095349171968,7,0.2958233931131302,0.12206885848324656
1693502095465923584,7,0.5299884781265078,0.5296846639774664
1693502095574194688,7,0.09013008869169004,-0.19705455477842726
1693502095682494208,7,0.44657698933455214,-0.9405209063420452
1693502095790921728,7,-0.21849168530206775,-0.6263619536319986
1693502095899141376,7,-0.8776155000547081,-0.8605437218812237
1693502096007515904,7,0.5260120356508984,0.15576086835462677
1693502096115834880,7,0.9243146430874769,0.7926270794817782
1693502096232467968,7,-0.9703399319266295,-0.6166842886283193
1693502096340808960,7,0.619169005456814,0.16270864274071672
1693502096457491712,7,0.533475381686954,0.01794036983408631
1693502096566153728,7,0.23141937077182684,0.34580780558580604
1693502096674159104,7,0.13330070400835692,0.07301556960476518
1693502096782614784,7,-0.6805234925368717,-0.7600039308987219
1693502096891332096,7,-0.6921630886393852,0.404855852169665
1693502096999192320,7,0.9315510076816271,0.5389287800203788
1693502097115865856,7,0.5452300280970754,-0.5332391639999963
1693502097224160512,7,-0.8191259584197232,0.47507546714574267
1693502097332626944,7,0.844109952540335,0.0677869233919477
1693502097440916224,7,0.6447170649537222,-0.3840780465193696
1693502097557582592,7,-0.4751709525046399,-0.18954972047638496
1693502097665838336,7,-0.4161265468934914,-0.9395859508775648
1693502097774254592,7,0.435926596752644,0.18271680974308002
1693502097882504960,7,0.3739264898550607,0.32973699620988217
1693502097999193856,7,0.9449522925060478,-0.8258039254758984
1693502098107601664,7,0.5421654319376545,0.9152825523441275
1693502098215863040,7,-0.395026211632969,0.9791341966350922
1693502098332710400,7,0.20300811070693991,-0.9614446295357537
1693502098440813568,7,-0.43544603349577593,0.5501748407718656
1693502098549165824,7,0.22099158135644736,-0.1629064165109224
1693502098665842688,7,-0.9464318902211801,-0.2392372846780062
1693502098765935616,7,-0.6407355507685335,0.2338604530688908
1693502098874263808,7,0.6390520563514266,-0.12162159100397063
1693502098990937088,7,-0.996016481997603,-0.48307290678867476
1693502099099445248,7,0.21451634959134358,-0.6751878416748345
1693502099207589888,7,0.9986783902578706,-0.5359994834451203
1693502099315970304,7,0.8249255644176852,0.48499829733034616
1693502099432523776,7,-0.4441278627710201,0.5726993865573056
1693502099540942336,7,0.6234461226210517,0.39474946479049433
1693502099657528576,7,0.565620003216941,0.38747566459021754
1693502099766117376,7,0.6440520843920241,-0.8493106295778095
1693502099874314240,7,0.4493583670076309,-0.7767079112785269
1693502099982574592,7,-0.05704804506901007,0.7200647879752966
1693502100099285760,7,-0.9888392331247833,0.26803537274755773
1693502100207653632,7,0.9076963162555263,-0.45784138644749417
1693502100315995904,7,-0.5564120012849447,-0.7722044386902478
1693502100424367104,7,0.7660563833296274,0.05540787547675308
1693502100540967680,7,0.7273948901236837,0.5172469452460464
1693502100649468672,7,0.8422771550983941,-0.794087702339684
1693502100757684480,7,0.3009827710824322,-0.4948045032846282
1693502100865993728,7,0.544797593070846,0.8420161414550704
1693502100982646784,7,0.3163395545172223,0.8025050140905587
1693502101091002624,7,0.3080978916734787,-0.8136927585517233
1693502101199640320,7,-0.997054603700144,0.8789647735471768
1693502101307793408,7,0.5494213409182629,-0.7711247134811583
1693502101424365568,7,-0.8912015715701023,0.19815413620064448
1693502101532874240,7,-0.6878481594880479,0.2616215243688793
1693502101640998400,7,-0.9149374299307684,0.7596710033405436
1693502101758324992,7,-0.592825829519513,0.026354963021038014
1693502101866642432,7,0.07884246157773522,0.03516277135345147
1693502101974885120,7,0.7965083996380666,0.921879602357788
1693502102083303168,7,-0.8688200197478892,-0.6813319414539463
1693502102199916032,7,-0.6995547186033111,-0.6687911957407255
1693502102308393472,7,0.8917383613380654,0.10053557416577985
1693502102416652288,7,0.30256397828636716,0.5407884314057592
1693502102524988160,7,0.6658471569291857,0.6848946143176753
1693502102641783808,7,-0.3475020415743306,0.8930527870385454
1693502102750124800,7,0.3210267402329887,-0.9615188917868842
1693502102858297088,7,-0.7053896707841734,0.015284712013171164
1693502102966808576,7,0.15890724906237153,-0.3222418732731125
1693502103075095552,7,0.12989379739538887,0.28317187200256955
1693502103191670016,7,-0.06614664746305543,-0.4487798349735541
1693502103300068864,7,-0.8494760629691427,0.0796737969246839
1693502103408304384,7,-0.15403530095429407,0.18467263408635493
1693502103516982272,6,-0.7753334534282634,0.19968159324762658
1693502103625436416,6,0.7886925099026925,0.7171591238704127
1693502103741684992,6,-0.657018992307647,-0.055504286197654906
1693502103841780224,6,-0.21617375116897075,-0.9688880211491986
1693502103950087168,6,-0.9338127742650544,-0.7330622398753179
1693502104066776576,6,-0.9665138387664001,0.24980087757180458
1693502104174950144,6,-0.08742104386063554,0.27120525773480475
1693502104283390208,6,0.6089293237809874,0.9885307985965948
1693502104391700224,6,-0.15744153865250454,0.3450356707178792
1693502104500105728,6,0.7647263149106889,-0.4387779344719127
1693502104608351232,6,-0.5633159380247659,0.6061372398564533
1693502104725069568,6,-0.2370296175746014,0.3019214746934238
1693502104833467648,6,0.2838500477832817,-0.33198423686147005
1693502104941852928,6,0.04384134233693482,0.6426405142999432
1693502105050399232,6,-0.03089405745282381,-0.9882606404837522
1693502105166855424,6,-0.6427145896710156,0.47156940022675187
1693502105275027200,6,-0.4095298080070846,0.32384788886377813
1693502105383376640,6,0.3154993674547102,-0.40348681565662803
1693502105491883264,6,0.3152588885561418,-0.2521300134815332
1693502105600054272,6,-0.18435629313184698,-0.962865284300344
1693502105716692992,6,-0.8199504473986039,0.8520671152503803
1693502105825072896,6,0.9136488321845069,-0.08294130319011428
1693502105933441792,6,-0.5027119665003579,-0.6347207791906642
1693502106050099456,6,0.818945367131533,0.1397524245284374
1693502106158663168,6,-0.1898618962925962,0.6327247906751168
1693502106267059712,6,0.40843191830514014,-0.5001488237076273
1693502106383525376,6,-0.24655494616888185,0.522090128792216
1693502106491703296,6,-0.9984616766592986,0.8365816139312738
1693502106600201472,6,-0.41271204885418644,-0.24913474443189698
1693502106708379392,6,-0.7340847724011295,0.5297102315932105
1693502106825033472,6,0.37941158277301024,-0.9159427232752655
1693502106933469184,6,-0.2902803834929186,0.3968024069681506
1693502107041828608,6,-0.15017145490881534,0.002464320568728917
1693502107158478080,6,-0.8416816189898206,0.0655769380204756
1693502107266815744,6,-0.12076914623718205,-0.2655665311383537
1693502107375126272,6,0.8832608353850446,0.3593393417636801
1693502107491855104,6,0.9417945927839213,0.7474079191700786
1693502107600197120,6,0.6541380986822602,-0.4560454660594442
1693502107708476672,6,0.7543621942231271,0.020041593116288503
1693502107817414656,6,-0.706259606497639,-0.2954436559337632
1693502107933609216,6,0.43369922891192947,-0.09646111729625506
1693502108041875968,6,-0.003174062836622138,0.035541525027732224
1693502108150131712,6,-0.44710953624441996,0.42460038364031516
1693502108266926080,6,-0.17777225148275266,0.9981254666683899
1693502108375150592,6,0.9214604217882918,-0.5383578326122831
1693502108483538688,6,-0.9231192561811286,-0.19353568841819202
1693502108591826432,6,-0.07281457477332642,0.5509256664653033
1693502108708586496,6,0.9403120060107051,-0.18449474448406988
1693502108816870912,6,0.17061434795990804,-0.7413044665331661
1693502108925165312,6,0.16295364961641923,0.1338952305405825
1693502109033580032,6,-0.030796260121604746,0.8227420576709428
1693502109150463488,6,0.7749306509878802,0.8101589258637962
1693502109258725376,6,-0.7302231081054402,-0.8990045644146822
1693502109367030528,6,-0.4868554147184603,0.20966439730576947
1693502109475185920,6,-0.22609682106198536,-0.6684288686328232
1693502109591901696,6,-0.17854206914193127,0.23976519895808202
1693502109700317440,6,-0.9778407307888322,-0.16609423759348485
1693502109816949248,6,-0.8546570842489842,-0.09259019868630602
1693502109925239552,6,0.8628324355065218,0.16681376707824191
1693502110033554176,6,-0.6461585731931956,0.7850806466453168
1693502110141876992,6,-0.24608931526135192,0.9705334542692978
1693502110250294272,6,0.8173622770560909,0.8959660619619179
1693502110366951680,6,0.3146085712480686,-0.6913601370455669
1693502110475223040,6,0.8296263029759667,0.2064049510825503
1693502110583585792,6,0.9026984681787491,0.09632319581431648
1693502110700369152,6,-0.5693275135663709,0.5029912822372617
1693502110808702720,6,0.46960770305185373,0.73032262880411
1693502110917105408,6,-0.2003655052784401,0.029535762429107715
1693502111025202944,6,0.4202311261807712,-0.09812038226552255
1693502111133771008,6,-0.6254178826187711,0.8327290681151889
1693502111250290176,6,-0.13234332185451247,-0.39778424618515307
1693502111358574592,6,-0.5058818868576447,0.05038373429576426
1693502111466930688,6,-0.9022885334006354,0.8950542340715759
1693502111575375104,6,0.6149588264743786,0.790425607681404
1693502111692091904,6,0.6261969394537708,-0.8087087075804082
1693502111800240128,6,-0.5997158646118264,0.055760394722754736
1693502111908672000,6,-0.6208012107603513,0.5288716345949556
1693502112016987392,6,-0.8307244158572273,0.9820842463680315
1693502112133800192,6,-0.1950981317483853,-0.9413380771216897
1693502112241979136,6,0.7936096350326913,-0.42081427130861826
1693502112350431232,6,-0.9006593130175555,0.9577774652574116
1693502112458565632,6,0.39679030278936556,0.8598924934699559
1693502112575319552,6,-0.7064117962110674,0.2338793981727465
1693502112683567104,6,0.49398592030845667,-0.8653224415096041
1693502112792140544,6,0.584818889274592,0.4823824711451419
1693502112908645376,6,0.32266995648784724,0.7058141385578469
1693502113016977408,6,0.7414303911364712,0.4621783783403579
1693502113125373952,6,0.12804599211688283,-0.5645456865352543
1693502113233719296,6,-0.7635824528830846,-0.591749511411992
1693502113350315776,6,0.6230547960834469,-0.008587713220757909
1693502113458634240,6,-0.695388512296478,0.27113556628847846
1693502113567319808,6,0.08712809488292494,-0.7352094794337152
1693502113683668224,6,0.1828734519019357,0.08029238037435316
1693502113792102656,6,0.2888547528866676,0.6656465034389767
1693502113900343296,6,-0.23251112852807831,-0.6804622003095921
1693502114008617984,6,0.571808616327186,0.8796433016254717
1693502114116955648,6,-0.7291353598706207,0.8171814234756904
1693502114225345024,6,-0.34098695783190847,0.9392419861170791
1693502114341984512,6,0.2979290358920643,-0.8887775910110742
1693502114450346496,6,-0.634697091079768,-0.3263327653460082
1693502114558717184,6,-0.5357449944171275,0.14045540887844643
1693502114667086592,6,-0.031041473249700857,-0.14674770194132414
1693502114783769856,6,0.21726241621985132,0.6007992193446292
1693502114892020480,6,0.2447705111395897,-0.4779624408677323
1693502115000484608,6,0.8114881458944252,-0.19864246062781898
1693502115108841984,6,0.8307473948254078,0.1367700687075415
1693502115217204992,6,0.9535299960864112,0.5535758516967151
1693502115333897216,6,0.8424339737412505,0.9579939069815633
1693502115441909248,6,-0.932089542611912,0.9754747429088726
1693502115550481408,6,-0.2599568605080511,0.06789621907038357
1693502115658829824,6,0.7586935014175451,-0.8296498734674147
1693502115775332864,6,0.3177635127975842,-0.5079902018912503
1693502115883735552,6,0.870485350531014,-0.10286018825043719
1693502115992083968,6,-0.18301763521075043,-0.7989919195108519
1693502116100413440,6,0.05238454685529215,0.1437418957532275
1693502116217083392,6,0.9563414973064048,-0.6941296047315648
1693502116325476096,6,0.5289625622576084,0.8307038505753834
1693502116434066688,6,0.28391057198620406,0.5424880428668808
1693502116542207744,6,0.699148220518607,-0.986544872677027
1693502116658817792,6,-0.5041823715656597,0.8787530259393694
1693502116767112704,6,-0.018494959806986344,-0.7589680446561986
1693502116875454976,6,-0.6732664060892513,-0.5489233588521907
1693502116992090112,6,-0.8549147895477942,-0.6116576718961915
1693502117100443392,6,0.3209523054759622,-0.3685029171344605
1693502117208932864,6,-0.1905916169742774,-0.9745345405961603
1693502117325372928,6,-0.007598720637083334,-0.008263838344078067
1693502117433726976,6,0.2847271735900381,-0.8534508273552501
1693502117542166272,6,0.9811586882275583,-0.3007762869878132
1693502117650444544,6,-0.5484885063909932,-0.8276780134801667
1693502117767099136,6,0.15119747462563438,0.32648180692402473
1693502117875727872,6,0.9319963610915616,-0.7067744926361772
1693502117984150272,6,-0.33294812093189385,0.2440274766714996
1693502118100567808,6,0.6716502097819543,0.1952404636477454
1693502118208797440,6,-0.8580346913518564,-0.6034480852538884
1693502118317231616,6,-0.03144150684213298,-0.5800656011756979
1693502118425550336,6,-0.9193704397994682,-0.4034600297844053
1693502118533927424,6,-0.6323030172234019,-0.4121535740526898
1693502118650359296,6,0.9926129625813498,-0.44987665345328076
1693502118758899968,6,-0.10289209654016562,0.09990035904845174
1693502118867256064,6,-0.9998291465680194,-0.45813278118696377
1693502118983883008,6,-0.13749617299925254,-0.11213708296727543
1693502119092151808,6,0.9175379951975509,-0.16803439161179412
1693502119200591616,6,-0.7426584098567537,-0.5490146828411038
1693502119309210624,6,0.9728901545061008,0.8460099692446086
1693502119425558016,6,0.7697099746039251,0.3836564397356015
1693502119533856768,6,-0.05912793556542928,-0.35729446893608086
1693502119642303488,6,0.5547843241252837,0.216601626147217
1693502119750498304,6,0.5728551964643149,0.25974987498098634
1693502119867142912,6,0.9549140918093642,0.37612231906299476
1693502119975591936,6,0.7066642162389869,0.9499764793705929
1693502120083844864,6,-0.8203431593876891,0.3901530390812795
1693502120192482560,6,0.9220272251577666,-0.6670825948733392
1693502120309017344,6,0.07642579962446527,-0.30577343585406247
1693502120417409792,6,-0.4640309162188285,-0.23294667612633613
1693502120525723392,6,0.9432010688750925,-0.9259211926904538
1693502120634010112,6,0.6278861026968741,0.11668878487923529
1693502120750838016,6,-0.2919645233618695,-0.9970887550068923
1693502120859126784,6,-0.3073665418534126,0.4839752328254836
1693502120967576576,6,0.4578395148606016,0.6155210002576736
1693502121075662080,6,-0.3580781087994944,0.6703356273754197
1693502121184120832,6,-0.4788559336774274,0.4366264611596866
1693502121300679680,6,0.238309106117496,0.33815377005555347
1693502121409083648,6,-0.502247279848496,0.3328109102990202
1693502121517334016,6,0.8436510026212285,-0.9062179826704793
1693502121625771008,6,-0.016206133048859872,-0.05441023405353973
1693502121733905152,6,-0.8988431500635081,-0.9773841710711688
1693502121842237184,6,-0.5083400921186698,0.6577492177659181
1693502121959033856,6,-0.9747970742460417,-0.3770352405468642
1693502122067913728,6,0.7855768995249008,-0.7655406662884916
1693502122175720192,6,-0.4474171402348275,-0.9632500261893717
1693502122283950336,6,0.522279012928077,0.20841397230505043
1693502122400742656,6,0.5769242154336462,0.09186339601295157
1693502122509133312,6,-0.643577857592182,0.6085438063685245
1693502122617760000,6,-0.9517327147577312,-0.5819877745424755
1693502122733943296,6,-0.2347620815983975,0.5378908836889063
1693502122842388992,6,0.5343603482808417,0.47683123843945485
1693502122950656000,6,-0.9201888406493157,0.027483036693136675
1693502123059048960,6,0.8306771043057399,0.0879763298434455
1693502123167500032,6,-0.20131960981350105,0.8970392983958302
1693502123283892992,6,0.2566840644493975,0.386746328230845
1693502123392343296,6,-0.9579164883483728,-0.11036791601511542
1693502123500904448,6,0.08096979577016183,-0.696896472696332
1693502123609218048,6,-0.3566081053398873,0.21616099324546023
1693502123725766400,6,-0.32410772009874855,0.9416522816016599
1693502123834385664,6,-0.23572693344228646,0.38409837241961586
1693502123942596608,6,0.41858796179761204,-0.58670680423153
1693502124050931200,6,-0.5925526362303659,-0.5265400209643574
1693502124159148544,6,0.44166592385655146,-0.7356976985918353
1693502124275815424,6,-0.8890124569454703,-0.6202530621751936
1693502124384189696,6,0.9709072629872373,-0.4000378956847326
1693502124492451840,6,0.7000084075430784,0.006275101123497606
1693502124600990976,6,0.014457552135030971,-0.893156472413434
1693502124717383424,6,0.5372438257996976,-0.13599490393128977
1693502124825882624,6,-0.9148570074798299,0.4396685058616778
1693502124934056704,6,0.21023822662814173,-0.03406414400934876
1693502125042444288,6,0.9376424855375307,0.19316172850411517
1693502125150962176,6,-0.917947456552864,0.35899775796590316
1693502125267766016,6,-0.7650310605841102,0.3985830339064247
1693502125375825152,6,-0.8146871545783969,0.6781913596821694
1693502125490343424,6,0.6446494712346142,0.25840295680948944
1693502125599933184,6,0.9581630868039652,0.7313054386132636
1693502125708251648,6,-0.8422784642595722,-0.6006156849749469
1693502125816645376,6,0.7123177187214573,-0.7094811229295006
1693502125933221376,6,-0.2204047534082485,-0.7994800493680163
1693502126041696000,6,-0.3294284710718116,-0.44864589641176433
1693502126149909760,6,-0.32299328504685754,-0.9059086092872886
1693502126266479104,6,-0.6739812523075568,-0.20131860314356054
1693502126374966528,6,-0.6270585558095636,-0.7613902522409204
1693502126483535104,6,0.18799919867810266,-0.1934442366309681
1693502126591691776,6,-0.409462764945701,-0.09035632314204611
1693502126700441856,6,0.36748834956043575,0.9755770289738805
1693502126816752640,6,-0.7065198865817568,-0.37292110583349647
1693502126925017344,6,0.2012393907455179,-0.059232522873274185
1693502127033274112,6,-0.9859791476123216,-0.045185894489691236
1693502127150002944,6,-0.45472636277439515,0.42233626959496595
1693502127258428672,6,-0.40746823727715475,0.4528190001580701
1693502127366652416,6,0.9171599565440316,-0.8865896930762649
1693502127475163392,6,0.06364516435408718,0.7834249836044249
1693502127591598848,6,0.5451511612174902,0.8370677477206652
1693502127699911424,6,0.7908000081283795,-0.8401434802443828
1693502127808431360,6,0.5014300504851852,-0.4214490891933218
1693502127916654592,6,0.4917956899617424,0.6457485350606826
1693502128033487872,6,0.14458987621901143,0.458389330564154
1693502128141847808,6,0.15315817702262557,-0.15755090301634045
1693502128252455168,6,0.5853443367170925,0.6078129915518451
1693502128360509184,6,0.9956043423440166,-0.7354589570644556
1693502128468859136,6,-0.18510964244899197,-0.503605644006776
1693502128577298688,6,0.4062460177979488,0.152436038493021
1693502128685598976,6,0.8456981778558497,-0.2733958328949042
1693502128793981184,6,0.9524460734964821,-0.7242642082416968
1693502128910437632,6,-0.23126539478194075,0.4797262629065002
1693502129018762496,6,-0.39758627092176857,-0.7405202482049125
1693502129127172864,6,-0.027676376507363987,0.1110480264904492
1693502129243816192,6,-0.10315129152033253,-0.5678363456301463
1693502129352529408,6,-0.22347677473818384,-0.1974304609236317
1693502129460545024,6,-0.3387117992620714,0.6252017624949482
1693502129577542912,6,-0.21325854604685257,-0.9169400871362297
1693502129685501440,6,-0.20838051678678404,-0.13205456988163244
1693502129793853696,6,-0.9832726363693987,-0.9119664113332973
1693502129902360320,6,0.4618680705264482,0.7741988545815801
1693502130010779648,6,-0.824539949789951,0.26657476170263883
1693502130119299840,6,-0.46803622190028915,-0.9839714225553826
1693502130227218688,6,0.09003732484233895,-0.7586339412488194
1693502130335703040,6,0.719162214046055,0.1732833242982883
1693502130443946240,6,0.1847303825358393,0.9768732363717079
1693502130560512000,6,-0.8825954823867368,0.4815598612615106
1693502130668971776,6,0.27818907840270524,-0.7136752104038528
1693502130777287424,6,-0.729488774786808,0.2166200915320562
1693502130885592320,6,-0.32206716897965104,0.3771191269163934
1693502131002262784,6,0.5347851655298135,-0.07986392442917634
1693502131110737152,6,-0.25794512676561343,-0.06501819646188922
1693502131218995968,6,0.19491161952418223,-0.5374695679922683
1693502131335579648,6,-0.7757721904743002,0.29853452480405296
1693502131443798784,6,-0.6266541336599618,-0.21515369353204927
1693502131552347392,6,-0.9009220209228848,0.43321565588483435
1693502131669238016,6,-0.1392340057641579,-0.7339041104459731
1693502131777175296,6,0.9340161601225812,-0.3023662430460534
1693502131885716480,6,0.6294551185894364,-0.014006630563069056
1693502132002362880,6,-0.40944847968837306,-0.3566385469169979
1693502132110627328,6,0.6226405095063794,0.9629648868764116
1693502132218985728,6,0.18107169794767008,-0.7258756005191096
1693502132327566080,6,-0.36195446124926245,0.49433323080594604
1693502132435610368,6,0.9252886117245986,-0.43696822682789294
1693502132552207616,6,-0.42937341443108235,-0.3412446644137941
1693502132660553984,6,0.027589426794095928,-0.7512885547066042
1693502132769082368,6,-0.9674200321641311,0.12211960734092608
1693502132885624064,6,0.4367325238589048,0.19048593028321337
1693502132993944576,6,-0.304278453748666,-0.2992180357963963
1693502133102710272,6,-0.5772772538156283,0.7726300483788198
1693502133219248896,6,0.6905364883391578,0.5241781224335924
1693502133327494912,6,-0.20372617273999905,-0.1877111322149596
1693502133435596288,6,0.7339116508941945,0.19423593274059825
1693502133543985408,6,0.37165749625853706,-0.7011838834978943
1693502133660644352,6,-0.013353100172713406,-0.009916871006296235
1693502133769125376,6,-0.37020534724874277,-0.18519755631854884
1693502133877354752,6,-0.9758567775080542,0.9390149386468178
1693502133985810944,6,-0.18322239663379025,0.6217201414704183
1693502134093989376,6,0.6807129105856979,-0.3808061548805124
1693502134202322944,6,-0.15388561739797368,-0.10471010192506025
1693502134319005696,6,-0.40733461903170154,0.7273854857734885
1693502134427325696,6,-0.6914732641314056,-0.15680125502053488
1693502134535689728,6,0.8430111468748007,-0.9679291377800432
1693502134652429568,6,-0.6065193362039409,0.5995539872989835
1693502134760895744,6,-0.8742243444029618,0.007935752945630536
1693502134869160192,6,-0.9456537206321023,-0.25108234651546435
1693502134985655040,6,-0.6019044417009465,-0.9912639399192997
1693502135093998080,6,-0.11756184353829235,0.35878148266428256
1693502135202528000,6,0.26961676703583737,-0.8196677353507216
1693502135319109888,6,-0.005899149045895058,-0.8122211796636376
1693502135427345408,6,-0.15350651660608383,-0.3062779973960028
1693502135536094976,6,-0.11992458146688922,-0.8763232473519493
1693502135644154368,6,-0.7421029034369777,-0.4886798813607973
1693502135752441600,6,-0.8498933731140372,-0.509410089392504
1693502135869176064,6,-0.34720548529042694,-0.11532472719002329
1693502135977371904,6,-0.4693034282831192,0.4193103816416288
1693502136086013952,6,0.9372583369048599,0.46384584524240347
1693502136202944000,6,-0.2692662743658698,-0.805852358341077
1693502136310750208,6,0.6233009743671709,0.38879321424616986
1693502136419380992,6,0.9750279473945631,-0.06492350126021162
1693502136535870976,6,-0.8911715251308994,0.4453638562595099
1693502136644047616,6,-0.7537835155029668,0.8671516587635832
1693502136752320768,6,-0.8400961643685212,0.2859715660274904
1693502136869074688,6,0.04942568596042696,0.15115756588454676
1693502136977357824,6,-0.2042807424854156,0.9288476518332112
1693502137085758976,6,0.8734588220766817,0.6952248024717695
1693502137202336256,6,-0.19076853125190074,-0.5703838403569879
1693502137310812672,6,-0.3398045541592949,0.7703494149901768
1693502137419118336,6,0.1074579542137899,-0.6103834229542793
1693502137527417088,6,-0.35546172092135153,0.21454643450522637
1693502137644297216,6,-0.47231369276044877,0.3411052906448566
1693502137752523776,6,-0.07998786276596692,0.09387724034258094
1693502137860828672,6,-0.9861688558123214,0.373329557012132
1693502137969146112,6,-0.9016479436755667,-0.6285291616533821
1693502138077703424,6,-0.5142252297130183,0.49218406817413807
1693502138185916928,6,-0.04346260655574552,-0.051904398183690637
1693502138302529024,6,0.4620731337175097,0.08412176766036761
1693502138411142912,6,-0.5112786910602647,-0.9880416571243005
1693502138527476224,6,0.28477807492407536,0.1273238984586087
1693502138635815168,6,-0.672115191436806,0.20693998575032801
1693502138744182016,6,-0.13502670096056302,-0.5162089881745895
1693502138852717312,6,-0.6206925533665888,0.6347594282575912
1693502138961061120,6,0.3804064647327092,0.20740878132884122
1693502139077789440,6,-0.041884031702556834,0.5722679597528628
1693502139185907200,6,-0.7334771572003767,0.13104481992559847
1693502139294339072,6,0.7212219596635179,-0.4218083581466039
1693502139402666240,6,-0.9201637478762374,0.7371543580393642
1693502139519278080,6,0.8431187589968949,-0.3556799703825555
1693502139627563776,6,0.5261731321195604,0.6309543012795311
1693502139736025088,6,0.8695426405056463,0.7915390426538988
1693502139852600320,6,-0.07962133920100256,0.23462302773395516
1693502139960849920,6,0.187478641461444,-0.6263366750137911
1693502140069411584,6,-0.6693241977796547,-0.053204478048590076
1693502140186004224,6,-0.5264858212776564,0.8661040918396206
1693502140294118912,6,-0.6810926910663491,0.4418601026373725
1693502140402619648,6,0.7349323829732499,0.30341112823324434
1693502140511446784,6,-0.9065318087240952,-0.5234030531941278
1693502140627567616,6,-0.635278224621846,0.15046329936267022
1693502140735987200,6,-0.4972756253370667,0.9831506162901669
1693502140844283136,6,-0.8694826748478439,0.23369467539934607
1693502140952775168,6,-0.5440936124154125,0.5967524971840854
1693502141069224192,6,0.03253138480931961,-0.4133298376455887
1693502141177624576,6,-0.5751643633614876,-0.40615513183706975
1693502141285998080,6,0.3196858178168849,0.20929991589471153
1693502141394206976,6,0.050542476018530014,0.7789159805790766
1693502141510834688,6,-0.9818144172475425,0.3453356993685872
1693502141619317760,6,-0.33720115095558345,-0.35783575680825574
1693502141727703040,6,-0.8317925881109287,0.6854822526682764
1693502141836025600,6,0.38008711251760285,-0.746324540723873
1693502141952962816,6,-0.22199195537598526,0.8296774912771714
1693502142060955904,6,-0.11486885959494941,-0.12716498124012343
1693502142169611776,6,0.3794523717366429,0.2446714650011068
1693502142277640960,6,-0.5965209819210451,0.9187966022064868
1693502142386014464,6,-0.7513657952926389,-0.9924396467712373
1693502142502720512,6,0.6646765529118128,0.5772048426322043
1693502142611099904,6,0.9693626500048471,-0.5731118221069182
1693502142727641088,6,-0.690549072857126,0.5469136351103792
1693502142836048896,6,-0.13500806699849366,0.25083362645963336
1693502142944278272,6,0.558165239550886,0.8272219170373825
1693502143061097728,6,-0.014473729589576934,-0.06512116690185477
1693502143169415168,6,-0.5633121400512453,0.8784668903862272
1693502143277632512,6,-0.17166505922819986,0.4519531355236772
1693502143386804736,6,0.3996868574632775,-0.9324601746359227
1693502143494448384,6,-0.2031484782426196,0.8571595743110441
1693502143611014400,6,0.46022651311967455,-0.9434456985367374
1693502143719443456,6,0.6053100145302688,-0.9931019811729287
1693502143827666944,6,0.11702338399747347,-0.8952801043087215
1693502143944428544,6,-0.24309571389003914,-0.9308935949942756
1693502144052871680,6,0.22872534860956573,-0.6610685642971854
1693502144161115392,6,0.006846722903085967,-0.39152902163159786
1693502144269501696,6,0.26034899484610463,-0.8303713094007057
1693502144377850624,6,0.6481831675409311,0.28062636364872384
1693502144494448384,6,0.5821708099254881,-0.40497765350454196
1693502144602733824,6,-0.892708508189374,0.7956137135037629
1693502144711175680,6,-0.4595027265175786,0.3507950104475581
1693502144827856896,6,0.7370843057979468,-0.053514334835093935
1693502144927555328,6,0.5172215307775718,0.012679102525181563
1693502145047306240,6,-0.1439447335385815,-0.1595040092211948
1693502145155520512,6,-0.2574994628254377,0.8520074487093143
1693502145264184064,6,0.6837147165230888,-0.14060014739026938
1693502145380709120,6,-0.6801979390711577,0.6855392611028226
1693502145489006848,6,-0.5097794725509213,-0.19032406522467338
1693502145597530112,6,0.6097005085402227,0.3247194734530432
1693502145713927936,6,-0.2863396460668335,0.6938990323820753
1693502145822319872,6,0.619145228621911,-0.1929200011039054
1693502145930741248,6,0.9103990613738226,-0.47525569877230733
1693502146038968576,6,-0.17675391243504723,-0.8580524581264779
1693502146147353088,6,0.14735319387639545,-0.4654684168836285
1693502146255717120,6,0.19002521761806612,0.2913777468532015
1693502146364281856,6,-0.5822684451269033,0.0454372454481049
1693502146480947968,6,-0.5648213180759523,0.1741491809335769
1693502146589095680,6,0.5401493097950949,0.35878226882823183
1693502146706104320,6,0.4971232201802045,0.6772857091081654
1693502146814323968,6,0.41613492783600603,0.6842270940133308
1693502146922691840,6,0.19631383999576357,-0.845226388310083
1693502147039251712,6,0.19748419394932393,0.412131406457515
1693502147147619328,6,-0.1455013448837148,0.17855462044615766
1693502147255965440,6,0.24044170809900844,-0.3700118688662708
1693502147364524288,6,-0.3728346077471072,0.7335508209779209
1693502147472646912,6,0.19443077895343674,0.6008713940059967
1693502147581208320,6,-0.5849257090252273,0.6470921101711082
1693502147689295616,6,0.5501551013051464,-0.1269627914339475
1693502147806161408,6,-0.5670435111588392,-0.7364238538548118
1693502147914637312,6,-0.555136531958585,0.1809552052208767
1693502148022661120,6,0.7863765862734022,-0.7971414606159584
1693502148131965184,6,-0.7983113950945666,0.4372020743497109
1693502148248761600,6,0.17144766008688128,0.8691207301694168
1693502148357444608,6,0.06733490236970141,0.30183303467377764
1693502148465731072,6,0.32106578151917353,0.820459009771487
1693502148582609664,6,-0.3409113941204869,-0.42336671706460605
1693502148690715904,6,0.8655712506090736,-0.544043134875926
1693502148799109376,6,-0.9674327223884498,0.399606497186932
1693502148907567104,6,-0.6350950049600603,-0.09913995210919713
1693502149024212224,6,0.48262501804548186,0.9754204887033442
1693502149132435968,6,0.7513553524516381,-0.7250586612579366
1693502149240883968,6,-0.6137828854229983,0.18315675813211585
1693502149349604608,6,0.062109078514561045,0.830840428235915
1693502149465956608,6,0.8780936523930387,-0.39965757470391705
1693502149574327296,6,0.653421787761207,0.8582879101779302
1693502149682434304,6,-0.6767691919057377,-0.2046166551838453
1693502149791344384,6,-0.07780969520623637,0.008031438232709132
1693502149899572480,6,-0.016609652873665448,0.6944894867150755
1693502150016346112,6,0.5487024858770813,0.052710997184273634
1693502150124675072,6,0.8179868603526204,-0.7424642711128364
1693502150234083840,6,-0.09949754885048301,0.2859200469558867
1693502150342286080,6,0.2978630882960389,-0.8843828539575969
1693502150450801408,6,0.31452896515511775,0.9450622476312527
1693502150559186688,6,-0.41975380379866767,-0.22413431820040142
1693502150675960320,6,-0.9010482075151851,0.3950569194113458
1693502150785050112,6,0.9748992581857336,-0.6001429751827141
1693502150892944896,6,0.4466732927474055,0.1510690993433268
1693502151001657344,6,-0.2598442375538641,-0.3881053109833803
1693502151117876224,6,0.4951868054202473,0.1499088048854229
1693502151226886144,6,0.07296030182341506,0.73968084109631
1693502151335322880,6,-0.457962760457173,-0.9509971625650178
1693502151443502080,6,0.35889629013191593,0.030627793496569078
1693502151551885312,6,0.3733970589015301,0.24706428154318805
1693502151660299520,6,0.13473802469736862,0.5935595242205347
1693502151777121280,6,-0.614404501265376,0.35654150756562686
1693502151885304576,6,-0.5171162490387975,-0.9925853929472561
1693502151993699328,6,0.24179097798585958,0.8366575158353748
1693502152110749696,6,-0.6916694164077848,-0.2100570678117133
1693502152219062528,6,-0.7613396040991651,0.6788213929981477
1693502152327446528,6,-0.881292051465361,0.7601138970361481
1693502152444013312,6,-0.1656383263517318,-0.2316178321722735
1693502152552369920,6,-0.7351830600588172,-0.802087092121025
1693502152661015296,6,-0.3546969539474156,0.8017367321052535
1693502152769289472,6,0.46490979864625004,0.36876764158259956
1693502152877795840,6,-0.18729592932636674,-0.44443389280819945
1693502152986507264,6,-0.0014755179657088835,0.8535780984571353
1693502153103270400,6,0.8940438687592329,-0.35505260038706266
1693502153211536896,6,0.5032157563961897,-0.28305214809674806
1693502153320639488,6,-0.012935081838592044,-0.8002477885604198
1693502153437195520,6,0.9321254070423228,-0.4904685993453819
1693502153545384192,6,-0.13809321411554265,-0.9885582624845417
1693502153653730560,6,-0.8953937681553541,0.04754979083554178
1693502153762102784,6,-0.32484302638442064,0.573792991180643
1693502153878752000,6,-0.17015019344752114,0.06190897309535881
1693502153987366912,6,-0.7344151691918055,0.36658670093849044
1693502154096326912,6,-0.2851733703718915,-0.1705536338297351
1693502154204445952,6,-0.2941995523072185,-0.349807782374153
1693502154321858304,6,-0.6921875003706652,0.7835482248170347
1693502154429655296,6,0.7231497064610806,-0.47997578876151015
1693502154538786304,6,0.5396804587884567,0.17745683508548638
1693502154646755584,6,-0.05538113515148524,-0.40778779976161905
1693502154763636224,6,-0.7125594049442487,0.6960601781783697
1693502154871945984,6,-0.5965670317174359,0.05856733629905997
1693502154980804352,6,0.8242986877919827,0.9962230984240861
1693502155097681920,6,-0.9660228712475496,0.5510630046335041
1693502155206074624,6,0.6729947972040982,0.641164473741531
1693502155314445056,6,0.734525949387201,0.4603795269656623
1693502155423132416,6,-0.09472940832555521,0.9166629648976088
1693502155531730688,6,-0.18358148345372283,-0.908836262197839
1693502155648052224,6,0.2444218888625358,0.6197806140275268
1693502155756772096,6,-0.4644376761632725,0.8326139332676046
1693502155864948736,6,0.025389084860499844,-0.1775755277162323
1693502155973382144,6,-0.6532830589231529,0.594627226795055
1693502156081663488,6,-0.33443090719994895,-0.902977309516708
1693502156199236864,6,0.22292704486674775,0.0693482193848316
1693502156307488512,6,-0.939206406725656,0.21742665435163788
1693502156415991040,6,0.7453006249364764,0.49341516299788846
1693502156532629504,6,-0.5748176683617412,0.33594685164669746
1693502156641623296,6,-0.9757680209892723,0.540315992135679
1693502156749755648,6,0.27594009140452047,0.647345000615746
1693502156858545664,6,-0.04873921578561302,-0.030418129742047828
1693502156976020224,6,0.6892674702301045,0.6425382181305268
1693502157084305664,6,0.15171280320942193,-0.026042668000914704
1693502157192747520,6,0.6813992749562259,-0.3267292828853037
1693502157309293312,6,-0.6942868597024878,-0.4625476731432099
1693502157418859008,6,-0.5805101638648131,-0.22151880548308966
1693502157527034368,6,-0.45939639916082076,-0.973634968715547
1693502157635788288,6,-0.3644536448363518,-0.91552528047504
1693502157744072704,6,-0.5907120800921697,0.5070220197748243
1693502157861201664,6,-0.24471836161923322,0.382603205623373
1693502157969707776,6,-0.40168975311730626,0.018878846968452212
1693502158077943296,6,0.9673394711935628,0.1460738081018338
1693502158195051008,5,-0.0034692788091330584,0.2783165716132643
1693502158303704320,5,-0.5544559721196118,-0.4975704449887488
1693502158412554752,5,-0.962322952028049,-0.3264352443147007
1693502158520680704,5,0.6567740533938602,0.5225367180780589
1693502158629567488,5,-0.9096852222031979,0.3157221821336602
1693502158738238208,5,-0.13560721276566756,-0.6628284347470543
1693502158855193856,5,0.23398250715396784,-0.45947029967399144
1693502158963500544,5,0.3013472239958188,0.617484388599
1693502159072272640,5,-0.9114098429466668,-0.533463433840172
1693502159180660480,5,-0.8199534512493876,0.8226951439745154
1693502159289442816,5,0.20092922411795255,0.5254126062976128
1693502159405984256,5,-0.33575291155897813,-0.4392666576724624
1693502159514619648,5,0.6830633710474425,-0.9648755271934892
1693502159622935040,5,-0.6175804012360571,-0.3756421930556766
1693502159739609344,5,-0.918261956760918,-0.8072619205188547
1693502159848415232,5,0.4882035619023217,0.32997579067701577
1693502159956800256,5,-0.05767002276029065,0.06518078501204205
1693502160065529088,5,-0.07944826241472103,0.21932493694573107
1693502160174117376,5,0.9113350204917654,-0.7726424238636194
